Date,Open,High,Low,Close,Volume 
16/02/2018 00:00:00,186.25,188.6,185.45,185.56,845900
20/02/2018 00:00:00,184.29,186.11,183.05,184.67,692900
21/02/2018 00:00:00,184.58,187.67,183.81,183.95,604000
22/02/2018 00:00:00,184.71,187.57,183.66,185.29,658400
23/02/2018 00:00:00,186.7,186.7,183.29,185.47,602100
26/02/2018 00:00:00,186.39,188.7,185.28,188.37,928600
27/02/2018 00:00:00,188.32,188.77,184.52,184.6,725000
28/02/2018 00:00:00,185.82,185.82,180.74,180.8,988600
01/03/2018 00:00:00,180.55,181.46,175.33,176.17,1275100
02/03/2018 00:00:00,175.12,179.21,172.72,178.62,1218000
05/03/2018 00:00:00,177.29,181.44,176.79,181.11,842200
06/03/2018 00:00:00,182.46,183.45,180.11,181.5,753400
07/03/2018 00:00:00,179.34,183.12,178.37,182.1,766500
08/03/2018 00:00:00,182.76,184.25,181.11,183.85,805300
09/03/2018 00:00:00,185.21,189.19,184.69,189.13,691900
12/03/2018 00:00:00,189,189.3,186.58,187.9,701000
13/03/2018 00:00:00,188.59,189.05,184.84,185.42,753500
14/03/2018 00:00:00,186.77,187.05,183.06,183.41,674000
15/03/2018 00:00:00,183.78,184.11,181,181.76,812000
16/03/2018 00:00:00,181.74,184.58,181.03,183.98,1487000
19/03/2018 00:00:00,183.46,183.82,180.6,182.01,525000
20/03/2018 00:00:00,182.96,184.59,182.09,182.26,470600
21/03/2018 00:00:00,182.38,183.85,181.16,181.38,525600
22/03/2018 00:00:00,179.06,181.26,175.79,175.96,815600
23/03/2018 00:00:00,176.4,176.92,170.63,171.01,1084600
26/03/2018 00:00:00,173.76,178.14,172.74,177.05,1166300
27/03/2018 00:00:00,177.25,177.31,172.44,173.21,1048100
28/03/2018 00:00:00,176.22,176.4,173.8,174.7,1078100
29/03/2018 00:00:00,175.14,177.64,174.2,174.2,1205200
02/04/2018 00:00:00,173.81,174.38,167.04,168.97,1310200
03/04/2018 00:00:00,168.99,172.86,168.98,172.77,1215500
04/04/2018 00:00:00,169.2,173.85,168.78,173.34,1501900
05/04/2018 00:00:00,174.57,175.73,173.32,174.93,848700
06/04/2018 00:00:00,173.25,174.26,166.85,168.96,1205300
09/04/2018 00:00:00,170.3,172.99,168.96,169.29,921800
10/04/2018 00:00:00,172.45,174.54,171.67,172.04,1133400
11/04/2018 00:00:00,170.16,172.88,169.9,171.86,715300
12/04/2018 00:00:00,173.46,175.38,173.02,173.97,803400
13/04/2018 00:00:00,175.37,175.98,171.95,172.88,604100
16/04/2018 00:00:00,174.17,175.47,173.42,173.58,665000
17/04/2018 00:00:00,174.75,175.76,173.97,174.54,1033500
18/04/2018 00:00:00,175.88,178.73,174.94,177.12,741100
19/04/2018 00:00:00,177.49,178.88,173.17,174.5,870400
20/04/2018 00:00:00,175.21,175.67,171.33,172.83,1044300
23/04/2018 00:00:00,172.98,173.27,168.9,169.21,1137400
24/04/2018 00:00:00,169.83,172.56,159.43,162.01,2514300
25/04/2018 00:00:00,157.9,169.64,155.81,167.3,2506000
26/04/2018 00:00:00,167.12,167.9,160.88,165.29,1756400
27/04/2018 00:00:00,165.65,166.75,164.15,166.29,1138500
30/04/2018 00:00:00,166.94,167.94,164.47,164.53,1210800
01/05/2018 00:00:00,164.14,167.41,163.14,167.24,1218700
02/05/2018 00:00:00,168.25,169.92,166.89,167.39,1824200
03/05/2018 00:00:00,167.12,171.24,165.84,169.95,1910600
04/05/2018 00:00:00,168.99,174.42,168.24,173.49,1220500
07/05/2018 00:00:00,174.7,174.99,172.65,174.05,962100
08/05/2018 00:00:00,173.34,175.59,173.32,175.09,950300
09/05/2018 00:00:00,176.25,178.05,175.31,177.2,730000
10/05/2018 00:00:00,176.97,178.26,176.6,178.02,711800
11/05/2018 00:00:00,177.51,178.62,176.32,177.91,1046000
14/05/2018 00:00:00,178.58,179.56,177.52,178.86,644200
15/05/2018 00:00:00,177.36,178.37,176.38,178.18,718500
16/05/2018 00:00:00,178.54,180.69,178.14,180.04,891300
17/05/2018 00:00:00,180,181.88,178.94,179.75,1136500
18/05/2018 00:00:00,180.42,182.64,180.12,182.34,821800
21/05/2018 00:00:00,183.94,185.29,183.28,183.67,758100
22/05/2018 00:00:00,183.97,184.99,180.83,181.12,922900
23/05/2018 00:00:00,179.45,181.02,178.83,180.8,866300
24/05/2018 00:00:00,180.2,181.24,176.98,178.9,937000
25/05/2018 00:00:00,177.99,178.92,177.03,178,779500
29/05/2018 00:00:00,176.57,178.83,174.85,176.42,953900
30/05/2018 00:00:00,177.27,178.9,176.66,177.98,625600
31/05/2018 00:00:00,178.09,178.65,174.66,175.41,962700
01/06/2018 00:00:00,177.3,179.02,176.16,178.6,733000
04/06/2018 00:00:00,178.71,180.43,177.02,178.08,1383600
05/06/2018 00:00:00,178.3,179.32,177.88,178.35,1297300
06/06/2018 00:00:00,178.71,178.74,176.8,178,1432700
07/06/2018 00:00:00,178.32,179.21,177.38,178.65,2217900
08/06/2018 00:00:00,178.62,178.8,176.26,178.01,845200
11/06/2018 00:00:00,178.13,180.47,177.86,178.45,1002800
12/06/2018 00:00:00,178.95,180.27,178.39,180.21,869000
13/06/2018 00:00:00,180.37,180.64,178.37,178.83,701700
14/06/2018 00:00:00,179.93,181.47,178.75,178.94,744600
15/06/2018 00:00:00,178.45,178.48,175.5,177.66,1538900
18/06/2018 00:00:00,175.91,176.43,174.87,175.47,944100
19/06/2018 00:00:00,172.78,174.13,169.68,170.26,1425300
20/06/2018 00:00:00,171.17,171.73,170.18,170.82,932100
21/06/2018 00:00:00,170.83,170.83,167.53,168.14,1037600
22/06/2018 00:00:00,169.43,169.66,167.19,167.98,908100
25/06/2018 00:00:00,167.57,167.9,164.48,165.52,1415000
26/06/2018 00:00:00,165.79,167.47,164.57,164.74,1208900
27/06/2018 00:00:00,166.06,169.06,165.2,165.22,1258800
28/06/2018 00:00:00,164.39,165.67,162.11,164.64,1333700
29/06/2018 00:00:00,165.74,168.09,165.36,166.23,1265300
02/07/2018 00:00:00,164.32,167.88,164,167.69,1145100
03/07/2018 00:00:00,169.4,170.61,166.52,167.12,2444400
05/07/2018 00:00:00,169.05,169.73,167.21,169.62,1558600
06/07/2018 00:00:00,169.22,170.17,168.6,169.24,1254400
09/07/2018 00:00:00,169.97,171.52,169.78,170.9,1646800
10/07/2018 00:00:00,171.56,171.93,170.72,171.4,1428400
11/07/2018 00:00:00,169.44,170.18,167.22,167.25,868500
12/07/2018 00:00:00,168.79,169.23,166.9,168.83,990400
13/07/2018 00:00:00,169.11,171.54,169.11,171.07,680300
16/07/2018 00:00:00,168.76,169.54,166.69,167.63,1192200
17/07/2018 00:00:00,166.92,169.46,166.92,169.3,1031700
18/07/2018 00:00:00,169.52,171.17,169.3,170.41,657200
19/07/2018 00:00:00,169.54,172.64,169.54,172.07,868400
20/07/2018 00:00:00,170.69,172.11,169.83,171.3,1034400
23/07/2018 00:00:00,170.5,171.2,167.4,167.93,1427100
24/07/2018 00:00:00,169.26,171.4,168.21,170.47,1890800
25/07/2018 00:00:00,175.55,183.7,174.68,183.46,3144100
26/07/2018 00:00:00,183.88,186.29,183.73,184.07,1524900
27/07/2018 00:00:00,184.3,185.73,182.36,184.06,1013800
30/07/2018 00:00:00,184.9,186.36,182.37,182.75,800900
31/07/2018 00:00:00,183.85,188.36,183.23,187.56,1383100
01/08/2018 00:00:00,187.08,187.09,183.34,184.39,1093300
02/08/2018 00:00:00,182.62,183.16,178.31,180.33,2549400
03/08/2018 00:00:00,181.4,181.52,178,179.48,1692100
06/08/2018 00:00:00,179.07,180.5,178.46,178.9,1118700
07/08/2018 00:00:00,180.05,182.03,179.58,181.39,1386100
08/08/2018 00:00:00,181.26,181.6,177.05,177.2,696600
09/08/2018 00:00:00,177.29,178.41,175.18,175.91,806600
10/08/2018 00:00:00,174.47,174.93,172.53,173.26,959500
13/08/2018 00:00:00,173.1,173.39,171.16,171.91,917100
14/08/2018 00:00:00,172,173.6,171.19,172.38,807400
15/08/2018 00:00:00,171.91,172.32,170.27,171.69,793500
16/08/2018 00:00:00,172.39,174.4,172.1,173.32,885500
17/08/2018 00:00:00,173.44,174.39,172.53,173.63,887100
20/08/2018 00:00:00,173.9,175.18,173.58,173.78,628400
21/08/2018 00:00:00,173.93,174.68,172.73,173.79,809400
22/08/2018 00:00:00,172.26,173.59,170.95,171.34,887900
23/08/2018 00:00:00,171.15,173.34,170.32,172.8,1115400
24/08/2018 00:00:00,173.2,175.43,172.47,175.04,896600
27/08/2018 00:00:00,175.84,177.79,175.35,176.91,579600
28/08/2018 00:00:00,177.71,179.77,176.99,177.49,646800
29/08/2018 00:00:00,177.3,178.93,177.14,178.55,614600
30/08/2018 00:00:00,178.13,179.37,177.73,178.18,625400
31/08/2018 00:00:00,177.66,181.36,177.66,180.96,1227900
04/09/2018 00:00:00,180.33,182.05,179.99,181.75,1224300
05/09/2018 00:00:00,181,182.78,180.5,181.96,2063000
06/09/2018 00:00:00,182.27,183,181.21,182.09,1114400
07/09/2018 00:00:00,181.86,184.19,181.7,183.5,1151000
10/09/2018 00:00:00,184.04,185.54,184.04,184.69,1291100
11/09/2018 00:00:00,184.08,185.3,183.51,184.49,1062400
12/09/2018 00:00:00,184.55,186.47,184.19,185.35,1193400
13/09/2018 00:00:00,186.48,188.48,186.44,188.37,1064400
14/09/2018 00:00:00,188.79,191.91,188.79,191.6,1314900
17/09/2018 00:00:00,191.7,191.94,190.93,191.45,1100400
18/09/2018 00:00:00,191.75,194.51,190.51,194.07,940600
19/09/2018 00:00:00,194.25,195.46,193.85,194.63,659100
20/09/2018 00:00:00,195.69,197.16,194.45,196.95,711100
21/09/2018 00:00:00,197.22,198.23,195.78,196.47,1174800
24/09/2018 00:00:00,195.83,195.83,192.2,193.18,1005700
25/09/2018 00:00:00,193.38,193.6,191.08,191.61,792100
26/09/2018 00:00:00,191.24,192.02,189.73,190.34,853800
27/09/2018 00:00:00,189.5,189.89,187.96,189.47,1012700
28/09/2018 00:00:00,189.46,190.17,186.89,187.52,827700
01/10/2018 00:00:00,188.71,189.89,187.01,188.01,750900
02/10/2018 00:00:00,188.19,189.97,187.94,189.55,1208800
03/10/2018 00:00:00,190,191.96,189.53,189.89,702800
04/10/2018 00:00:00,189.55,191.67,188.42,189.57,581400
05/10/2018 00:00:00,189.66,190.31,184.61,185.69,882500
08/10/2018 00:00:00,184.85,185.4,182.53,185.09,943900
09/10/2018 00:00:00,184.54,184.76,181.95,183.38,985400
10/10/2018 00:00:00,183,183.29,175.15,176.03,1497200
11/10/2018 00:00:00,176.15,177.02,170.5,170.6,1757400
12/10/2018 00:00:00,174.43,175.99,170.06,172.79,1257200
15/10/2018 00:00:00,170.31,171.55,168.88,169.02,827100
16/10/2018 00:00:00,171.16,172.57,168.86,172.47,1100500
17/10/2018 00:00:00,172.54,172.66,169.64,171.52,1072200
18/10/2018 00:00:00,170.99,170.99,165.87,166.25,1223300
19/10/2018 00:00:00,165.68,166.9,162.96,163.7,1856600
22/10/2018 00:00:00,164.43,165.15,163.06,163.22,1034200
23/10/2018 00:00:00,158.07,162.18,156.96,160.57,1259400
24/10/2018 00:00:00,160.31,161.41,153.67,154.09,1702800
25/10/2018 00:00:00,156.15,159.21,155.81,157.49,2182000
26/10/2018 00:00:00,155.25,163.4,155.07,161.32,1713400
29/10/2018 00:00:00,163.7,163.88,156.36,158.72,1157900
30/10/2018 00:00:00,158.43,164.15,158.43,163.76,1368100
31/10/2018 00:00:00,165.65,167.94,164.63,164.73,879700
01/11/2018 00:00:00,166.09,173.6,165.88,173.36,1321900
02/11/2018 00:00:00,174.72,174.96,170.75,172.47,1152200
05/11/2018 00:00:00,173.36,174.31,171.19,173.03,622500
06/11/2018 00:00:00,172.13,177.62,171.95,177.07,1120600
07/11/2018 00:00:00,175,179.69,171.88,178.97,1378200
08/11/2018 00:00:00,176.74,177.8,171.65,172.3,1392600
09/11/2018 00:00:00,170.69,171.72,167.13,169.27,1541000
12/11/2018 00:00:00,169.55,169.56,165.6,165.97,897600
13/11/2018 00:00:00,165.86,170.04,165.4,166.95,911200
14/11/2018 00:00:00,167.94,170.25,165.92,167.11,930700
15/11/2018 00:00:00,166.5,172.89,165.37,172.7,965400
16/11/2018 00:00:00,171.82,174.23,170.86,171.6,760100
19/11/2018 00:00:00,170.44,170.75,166.56,168.04,922900
20/11/2018 00:00:00,165.9,168.93,164.78,168.23,930500
21/11/2018 00:00:00,170.02,172.56,169.41,169.67,719500
23/11/2018 00:00:00,167.87,170.16,167.11,167.31,507400
26/11/2018 00:00:00,169.11,172.35,168.72,169.84,882900
27/11/2018 00:00:00,169.19,171.18,166.24,168.27,879600
28/11/2018 00:00:00,168.87,172.84,167.38,172.66,687700
29/11/2018 00:00:00,171.85,173.4,170.46,171.77,473000
30/11/2018 00:00:00,171.19,174.53,168.96,174.34,725900
03/12/2018 00:00:00,179.63,180.87,177.01,178.06,914000
04/12/2018 00:00:00,178.21,179.03,170.95,171.46,1336600
06/12/2018 00:00:00,169.01,169.96,162.32,167.25,1563500
07/12/2018 00:00:00,167.71,169.21,160.7,161.55,953400
10/12/2018 00:00:00,161.6,161.87,155.64,160.16,1256300
11/12/2018 00:00:00,163.44,163.82,157.09,157.95,1033000
12/12/2018 00:00:00,160.29,163.03,158.94,159.14,961700
13/12/2018 00:00:00,159.67,160.23,155.71,157.2,1455800
14/12/2018 00:00:00,155.81,159.74,155.41,156.74,1021400
17/12/2018 00:00:00,156.22,157.05,152.32,153.31,1123700
18/12/2018 00:00:00,154.72,156.68,151.79,153.66,1030000
19/12/2018 00:00:00,153.96,156.4,150.4,151.23,991600
20/12/2018 00:00:00,150,151.19,146.03,148.14,1735600
21/12/2018 00:00:00,148.42,149.91,144.66,144.78,2515700
24/12/2018 00:00:00,143.72,146.09,141.46,141.77,602500
26/12/2018 00:00:00,142.78,148.71,142,148.58,906300
27/12/2018 00:00:00,146.67,150.04,144.6,149.79,967100
28/12/2018 00:00:00,151,151.76,148.6,148.92,823400
31/12/2018 00:00:00,149.34,151.01,148.78,150.48,596100
02/01/2019 00:00:00,148.52,151.99,148.07,150.87,927100
03/01/2019 00:00:00,149.36,149.97,145.21,145.54,1154500
04/01/2019 00:00:00,148.2,150.32,146.98,150.13,1030400
07/01/2019 00:00:00,150.4,153.5,148.73,151.38,823000
08/01/2019 00:00:00,152.2,153.53,150.24,153.36,910000
09/01/2019 00:00:00,154.71,155.82,153.25,154.28,665000
10/01/2019 00:00:00,153.17,155.17,152.23,153.31,1656700
11/01/2019 00:00:00,152.14,157.22,152.14,155.85,1340900
14/01/2019 00:00:00,154.74,157.15,153,156.2,830900
15/01/2019 00:00:00,156.29,157.1,153.94,156.82,1246000
16/01/2019 00:00:00,156.6,158.66,156.42,157.67,839800
17/01/2019 00:00:00,156.65,162.11,156.65,160.26,1093000
18/01/2019 00:00:00,161.42,165.84,161.09,164.75,1266900
22/01/2019 00:00:00,163.71,164.43,160.85,163.47,1235900
23/01/2019 00:00:00,163.7,163.97,159.85,161.81,902900
24/01/2019 00:00:00,161.85,163.27,161.25,162.74,889600
25/01/2019 00:00:00,166.73,166.93,164.95,166.36,918000
28/01/2019 00:00:00,165.51,165.67,163.05,163.25,1243900
29/01/2019 00:00:00,179.8,179.9,171.09,173.63,2387600
30/01/2019 00:00:00,173.79,174.29,168.2,171.87,1852800
31/01/2019 00:00:00,171.96,173.26,168.43,169.52,1292200
01/02/2019 00:00:00,170.08,172.47,168.61,168.93,1138200
04/02/2019 00:00:00,168.36,169.68,166.31,169.68,1646600
05/02/2019 00:00:00,169.08,170.84,168.39,170.73,1317000
06/02/2019 00:00:00,170.24,171.99,170.24,170.96,986600
07/02/2019 00:00:00,169.19,170.43,168.25,169.97,695000
08/02/2019 00:00:00,168.27,169.44,167.63,169.44,856400
11/02/2019 00:00:00,169.35,170.18,168.99,169.7,564400
12/02/2019 00:00:00,170.81,173.06,170.3,172.7,1067500
13/02/2019 00:00:00,173.29,177.55,173.02,176.82,1045400
14/02/2019 00:00:00,175.84,177.96,175.36,176.41,1026500
15/02/2019 00:00:00,177.49,177.7,176.57,177.39,678400
19/02/2019 00:00:00,176.53,178.5,176.45,177.46,461200
20/02/2019 00:00:00,177.76,179.39,177.01,178.84,535400
21/02/2019 00:00:00,178.27,178.5,176.8,177.96,524600
22/02/2019 00:00:00,178.44,180.02,177.86,179.23,633600
25/02/2019 00:00:00,180.06,181.51,179.46,180.08,669200
26/02/2019 00:00:00,179.16,180.83,179.16,179.3,525500
27/02/2019 00:00:00,178.66,180.69,177.78,180.51,530500
28/02/2019 00:00:00,179.81,179.99,177.75,178.56,600700
01/03/2019 00:00:00,179.98,180.58,177.02,178.51,725500
04/03/2019 00:00:00,180,180.69,176.91,177.84,815500
05/03/2019 00:00:00,178.01,179.22,177.49,178.23,652200
06/03/2019 00:00:00,178.15,179.45,177.64,178.04,532700
07/03/2019 00:00:00,177.86,177.86,174.38,175.51,669900
08/03/2019 00:00:00,173.57,174.56,172.84,174.53,530300
11/03/2019 00:00:00,174.41,178.69,174.36,178.38,666500
12/03/2019 00:00:00,178.96,180.25,178.3,178.67,618600
13/03/2019 00:00:00,179.58,182.02,178.66,181.4,712000
14/03/2019 00:00:00,181.01,181.03,179.31,180.68,618700
15/03/2019 00:00:00,180.74,181.42,178.51,179.33,1440800
18/03/2019 00:00:00,179.73,180.93,179.43,180.79,522300
19/03/2019 00:00:00,180.88,181.79,178.09,178.77,560600
20/03/2019 00:00:00,177.67,177.96,174.55,176.02,597500
21/03/2019 00:00:00,175.09,177.71,174.25,177.02,545800
22/03/2019 00:00:00,175.89,176.21,169.81,169.93,781100
25/03/2019 00:00:00,169.68,171.41,168.48,169.83,636400
26/03/2019 00:00:00,171.49,172.5,170.17,171.52,541000
27/03/2019 00:00:00,171.3,172.15,170.04,171.04,575200
28/03/2019 00:00:00,171.64,173.98,171.49,173.84,593200
29/03/2019 00:00:00,175.15,176.05,174.58,175.46,636700
01/04/2019 00:00:00,177.07,181.31,177.07,180.91,743800
02/04/2019 00:00:00,181.01,182.23,180.41,182.07,621700
03/04/2019 00:00:00,182.8,184.36,182.66,183.33,619400
04/04/2019 00:00:00,182.88,185,182.88,184.99,516400
05/04/2019 00:00:00,185,186.25,184.65,185.34,585100
08/04/2019 00:00:00,185.35,186.7,184.49,186,400600
09/04/2019 00:00:00,184.65,184.87,182.23,182.48,571200
10/04/2019 00:00:00,182.61,183.58,180.8,182.86,898500
11/04/2019 00:00:00,183.45,183.69,182.22,182.95,831000
12/04/2019 00:00:00,183.84,184.4,183,184.24,717900
15/04/2019 00:00:00,184.75,186.08,184.5,186,642000
16/04/2019 00:00:00,186.33,187.98,185.61,187.58,652500
17/04/2019 00:00:00,188.84,191.48,188.24,188.3,810900
18/04/2019 00:00:00,189.46,190.32,188.54,189.92,825300
22/04/2019 00:00:00,189.09,189.98,187.9,189.36,406800
23/04/2019 00:00:00,189.8,190.57,189.12,189.45,766200
24/04/2019 00:00:00,189.54,190.56,188.72,188.9,795700
25/04/2019 00:00:00,178.27,181.78,175.44,176.22,2474800
26/04/2019 00:00:00,176.22,178.56,175.3,178.43,945300
29/04/2019 00:00:00,178.42,181.47,177.84,180.99,934300
30/04/2019 00:00:00,181.46,181.46,178.51,180.71,881100
01/05/2019 00:00:00,181.68,181.98,177.27,177.36,631400
02/05/2019 00:00:00,177.44,177.61,174.08,175.87,711000
03/05/2019 00:00:00,177.15,178.97,175.98,178.77,712700
06/05/2019 00:00:00,175.5,177.35,173.34,177.21,586600
07/05/2019 00:00:00,175.08,175.88,171.35,173,747400
08/05/2019 00:00:00,172.38,173.57,170.48,170.61,600800
09/05/2019 00:00:00,169.69,169.69,165.82,169,1000100
10/05/2019 00:00:00,167.47,168.25,163.78,166.49,1470800
13/05/2019 00:00:00,163.34,163.34,159.47,160.85,1100800
14/05/2019 00:00:00,161.65,162.46,160.59,161.83,876300
15/05/2019 00:00:00,160.87,163.18,160.21,162.22,648300
16/05/2019 00:00:00,162.86,164.35,162.4,162.98,507200
17/05/2019 00:00:00,161.1,162.95,160.19,160.32,560200
20/05/2019 00:00:00,158.77,160.72,157.45,158.58,665400
21/05/2019 00:00:00,159.95,162.49,159.95,161.51,750800
22/05/2019 00:00:00,160.9,161.6,159.4,159.4,483900
23/05/2019 00:00:00,156.45,158.94,154.43,155.14,952200
24/05/2019 00:00:00,156.39,156.6,153.96,154.78,767600
28/05/2019 00:00:00,155.25,156,151.51,151.57,1125600
29/05/2019 00:00:00,151.63,153.8,151.11,153.11,1032800
30/05/2019 00:00:00,153.81,156.07,153.81,155.43,1193800
31/05/2019 00:00:00,153.1,153.1,148.1,148.85,1563000
03/06/2019 00:00:00,148.7,151.85,148.7,150.3,958200
04/06/2019 00:00:00,154.03,157.27,152.73,157.06,1104100
05/06/2019 00:00:00,158.07,158.6,155.09,157.13,1003300
06/06/2019 00:00:00,157.53,158.5,154.4,156.18,769300
07/06/2019 00:00:00,157.31,158.11,155.29,157.13,826300
10/06/2019 00:00:00,158.06,160.5,158.06,158.81,752400
11/06/2019 00:00:00,161.02,161.43,158.85,159.08,955300
12/06/2019 00:00:00,158.85,159.51,156.78,157.98,557300
13/06/2019 00:00:00,159.01,159.34,157.87,159.31,340400
14/06/2019 00:00:00,158.32,158.91,155.35,156.53,463800
17/06/2019 00:00:00,156.34,157.97,155.66,155.85,513500
18/06/2019 00:00:00,156.51,160.59,156.19,158.77,793600
19/06/2019 00:00:00,159.48,159.68,156.92,158.7,752400
20/06/2019 00:00:00,161.08,163.95,159.56,163.05,944100
21/06/2019 00:00:00,163.52,164.07,161.65,162.72,938500
24/06/2019 00:00:00,162.08,163.8,161.24,162.17,404300
25/06/2019 00:00:00,162.94,163.33,160.94,161.16,567300
26/06/2019 00:00:00,161.83,163.09,161.38,162.37,517500
27/06/2019 00:00:00,162.37,164.15,161.36,162.13,424300
28/06/2019 00:00:00,162.74,164.62,162.35,163.83,915000
01/07/2019 00:00:00,165.97,166.87,163.44,164.6,715300
02/07/2019 00:00:00,164.26,164.52,161.45,162.86,675700
03/07/2019 00:00:00,162.86,164.06,162.73,164.06,349900
05/07/2019 00:00:00,162.59,162.59,156.94,159.39,1042400
08/07/2019 00:00:00,158.59,160.6,157.39,157.44,764000
09/07/2019 00:00:00,156.22,157.28,154.63,155.15,1076600
10/07/2019 00:00:00,155.95,156.64,152.92,153.57,1134800
11/07/2019 00:00:00,154.11,156.32,152.38,156.2,1072600
12/07/2019 00:00:00,157.25,161.03,156.25,160.36,1079100
15/07/2019 00:00:00,160.35,161.03,158.8,159.29,885100
16/07/2019 00:00:00,158.93,165.46,157.59,162.57,1808100
17/07/2019 00:00:00,161.99,162.43,159.56,159.94,996400
18/07/2019 00:00:00,159.47,160.22,158,159.15,648100
19/07/2019 00:00:00,159.54,161.66,158.99,159.95,1062700
22/07/2019 00:00:00,159.99,161.81,159.1,159.31,674900
23/07/2019 00:00:00,160.25,167.05,160.01,166.72,1213100
24/07/2019 00:00:00,165.3,169.77,163.31,168.88,1851800
25/07/2019 00:00:00,160.55,169.05,160.41,167.22,2436700
26/07/2019 00:00:00,167.26,167.45,163.51,164.62,1078900
29/07/2019 00:00:00,164.47,165.3,162.51,163.25,975700
30/07/2019 00:00:00,161.93,165.75,161.31,165.39,1076900
31/07/2019 00:00:00,165.33,165.33,158.85,160.78,1235900
01/08/2019 00:00:00,160.33,162.83,154.96,155.76,1514100
02/08/2019 00:00:00,155.07,155.47,152.73,153.8,1083700
05/08/2019 00:00:00,151.06,152.26,149.39,150.8,1211100
06/08/2019 00:00:00,151.88,153.33,151.1,153.13,855300
07/08/2019 00:00:00,150.3,152.06,148.14,151.93,1023100
08/08/2019 00:00:00,153.07,156.64,152.83,156.39,1128200
09/08/2019 00:00:00,154.35,154.99,152.39,153.49,815000
12/08/2019 00:00:00,152.73,153.01,149.48,150.15,740400
13/08/2019 00:00:00,149.48,155.92,149.19,153.04,991400
14/08/2019 00:00:00,150.01,150.52,146.62,146.92,927600
15/08/2019 00:00:00,147.34,147.34,145.17,145.93,782700
16/08/2019 00:00:00,147.32,150.66,147.04,150.31,853100
19/08/2019 00:00:00,152.86,153.54,151.54,153.24,620600
20/08/2019 00:00:00,152.99,152.99,150.4,150.7,509900
21/08/2019 00:00:00,153.02,153.36,151.08,151.88,433600
22/08/2019 00:00:00,152.51,153.43,150.72,152.51,504200
23/08/2019 00:00:00,151.21,152.07,146.92,147.87,741800
26/08/2019 00:00:00,148.88,150.31,143.91,144.55,1249100
27/08/2019 00:00:00,146,146.75,145.06,146.25,578500
28/08/2019 00:00:00,145.65,148.28,144.66,147.89,555600
29/08/2019 00:00:00,149.92,151.8,149.92,151.24,627900
30/08/2019 00:00:00,152.89,153.7,152.53,152.79,722300
03/09/2019 00:00:00,150.95,151,145.93,148.23,716700
04/09/2019 00:00:00,150.1,150.65,148.83,149.83,664500
05/09/2019 00:00:00,152.52,160.11,152.52,158.7,1083800
06/09/2019 00:00:00,158.66,161.7,157.86,161.04,1030300
09/09/2019 00:00:00,162.01,163.42,161.4,161.99,848500
10/09/2019 00:00:00,161.97,163.87,160.45,163.87,853200
11/09/2019 00:00:00,161.77,163.87,160.04,163.78,915400
12/09/2019 00:00:00,165,167.74,163.51,166.13,1065600
13/09/2019 00:00:00,167.58,170.1,165.91,166.75,989800
16/09/2019 00:00:00,166.08,167.15,164.84,165.8,1138000
17/09/2019 00:00:00,164.41,164.79,161.74,164.06,810500
18/09/2019 00:00:00,163.04,164.5,161.5,163.58,1199300
19/09/2019 00:00:00,163.67,165.12,162.96,163.01,1042800
20/09/2019 00:00:00,164.24,165.02,161.83,162.06,1627900
23/09/2019 00:00:00,160.95,164.79,160.02,164.17,1013100
24/09/2019 00:00:00,164.37,164.68,160.62,161.14,1233700
25/09/2019 00:00:00,160.73,163.03,158.59,162.42,878700
26/09/2019 00:00:00,162.23,164.91,162.23,163.49,977600
27/09/2019 00:00:00,164.79,166.49,163,166.25,751900
30/09/2019 00:00:00,162,165.2,160.01,164.8,1240500
01/10/2019 00:00:00,166.37,167.94,162.08,162.29,945000
02/10/2019 00:00:00,160.59,160.59,153.79,155.83,1653700
03/10/2019 00:00:00,155.1,158.48,153.06,158.37,909300
04/10/2019 00:00:00,158.41,159.43,156.89,159.37,487800
07/10/2019 00:00:00,159.23,159.39,156.82,156.94,666600
08/10/2019 00:00:00,154.8,155.3,152.67,153.28,588600
09/10/2019 00:00:00,154.58,154.99,152.96,153.91,752900
10/10/2019 00:00:00,153.57,156.56,152.61,154.8,662500
11/10/2019 00:00:00,157.03,166.26,157.03,164.1,1497900
14/10/2019 00:00:00,162.4,164.69,160.69,164.13,468300
15/10/2019 00:00:00,164.7,168.3,163.93,167.37,873200
16/10/2019 00:00:00,166.32,167.82,164.86,164.95,776900
17/10/2019 00:00:00,166.64,169.09,166.03,166.36,691300
18/10/2019 00:00:00,166.64,169.76,166.48,169.19,971400
21/10/2019 00:00:00,169.86,171.74,169.75,171.62,535000
22/10/2019 00:00:00,171.38,173.52,169.81,170.98,816700
23/10/2019 00:00:00,171.68,173.99,170.32,172.24,759300
24/10/2019 00:00:00,173.24,174.45,171.87,173.63,550100
25/10/2019 00:00:00,174.99,177.82,173.83,177.38,713100
28/10/2019 00:00:00,178.71,179.32,175.53,176.74,786400
29/10/2019 00:00:00,175.64,177.59,174.58,174.94,962800
30/10/2019 00:00:00,174.54,175.22,171.92,175.2,798400
31/10/2019 00:00:00,174.82,175.2,170.89,171.99,655500
01/11/2019 00:00:00,173.39,177.7,173.31,177.7,660300
04/11/2019 00:00:00,179.39,181.93,178.97,181.85,780300
05/11/2019 00:00:00,182.08,183.36,180.96,181.88,708600
06/11/2019 00:00:00,181.45,181.46,177.68,178.42,1120400
07/11/2019 00:00:00,180.43,180.84,177.68,178.05,1053400
08/11/2019 00:00:00,176.64,178.15,176.27,177.82,626000
11/11/2019 00:00:00,176.95,181,176.84,179.2,1199600
12/11/2019 00:00:00,201.27,207.11,196.34,198.01,4129400
13/11/2019 00:00:00,195.68,201.21,194.56,198.07,1512000
14/11/2019 00:00:00,198.33,199.9,197.08,198.75,1211700
15/11/2019 00:00:00,198.35,200.88,198.33,200.27,779900
18/11/2019 00:00:00,199.41,200,196.9,197.67,1156200
19/11/2019 00:00:00,195.97,198.54,195.36,196.67,777000
20/11/2019 00:00:00,196.23,197.76,194.78,196.21,1133500
21/11/2019 00:00:00,195.48,196.66,194.52,195.21,939400
22/11/2019 00:00:00,196.24,196.54,194.1,194.8,644100
25/11/2019 00:00:00,195.06,197.42,194.37,195.72,976400
26/11/2019 00:00:00,195.17,196.48,193.98,196.32,919200
27/11/2019 00:00:00,197.68,197.68,195.27,196.42,659300
29/11/2019 00:00:00,196.27,197.3,194.83,195.84,330800
02/12/2019 00:00:00,196.68,198.62,193.77,193.97,696400
03/12/2019 00:00:00,190.65,194.83,190.21,194.04,981800
04/12/2019 00:00:00,194.62,197.56,194.56,195.01,911500
05/12/2019 00:00:00,196.02,196.65,195.32,196.43,543600
06/12/2019 00:00:00,199,199.71,197.86,198.18,647700
09/12/2019 00:00:00,198.24,200.31,198.24,198.76,891700
10/12/2019 00:00:00,198.37,200.73,197.34,199.75,641500
11/12/2019 00:00:00,201.34,203.57,200.25,203.26,720300
12/12/2019 00:00:00,202.86,205.69,201.5,205.47,828800
13/12/2019 00:00:00,205.62,206.95,202.18,203.47,938500
16/12/2019 00:00:00,204.95,205.99,203.1,204.41,963000
17/12/2019 00:00:00,203.86,204.86,201.68,203.62,908300
18/12/2019 00:00:00,204.41,204.83,202.39,203.85,1039300
19/12/2019 00:00:00,203.68,204.15,202.25,202.84,893300
20/12/2019 00:00:00,204.08,204.46,202.07,204.35,1256100
23/12/2019 00:00:00,201.92,204.52,200.83,204.3,1001600
24/12/2019 00:00:00,204.66,204.66,202.28,202.84,253900
26/12/2019 00:00:00,203.28,204.22,201.37,204.22,297600
27/12/2019 00:00:00,204.63,204.72,202.57,202.97,451100
30/12/2019 00:00:00,203.29,204.28,202.67,202.93,337000
31/12/2019 00:00:00,202.54,204.12,202.33,202.67,434800
02/01/2020 00:00:00,203.82,205.64,202.6,205.64,588000
03/01/2020 00:00:00,201.91,203.23,200.51,202.64,542600
06/01/2020 00:00:00,201.48,204.32,200.92,204.25,1007100
07/01/2020 00:00:00,203.48,205.27,202.25,203.83,715900
08/01/2020 00:00:00,202.78,206.8,200.52,205.38,671100
09/01/2020 00:00:00,206.71,207.94,204.97,207.17,676100
10/01/2020 00:00:00,207.04,207.62,204.7,205.09,777200
13/01/2020 00:00:00,205,206.6,204.65,206.58,547400
14/01/2020 00:00:00,206.58,206.58,202.3,202.9,805000
15/01/2020 00:00:00,202.51,205.42,201.64,202.23,711600
16/01/2020 00:00:00,203.63,205.32,202.57,205.26,562900
17/01/2020 00:00:00,205.78,206.55,204.49,204.74,594600
21/01/2020 00:00:00,203.52,204.32,201.37,201.79,719200
22/01/2020 00:00:00,203.63,203.87,199.09,199.38,682900
23/01/2020 00:00:00,199.83,202.77,196.75,202.3,766200
24/01/2020 00:00:00,202.75,203.15,197.87,199.72,631200
27/01/2020 00:00:00,194.82,196.08,193.61,193.92,835700
28/01/2020 00:00:00,195.8,197.44,194.16,196.67,1165300
29/01/2020 00:00:00,196,199.39,193.33,196.17,1163000
30/01/2020 00:00:00,194.02,196.35,189.76,194.81,1151100
31/01/2020 00:00:00,193.45,194.31,190.4,191.66,1250400
03/02/2020 00:00:00,192.85,197.16,192.49,194.56,1019300
04/02/2020 00:00:00,198.66,203,198.66,202.39,843400
05/02/2020 00:00:00,205.08,205.93,203.41,205.27,762800
06/02/2020 00:00:00,206.44,206.44,203.65,205.03,491700
07/02/2020 00:00:00,203.63,204.29,202.07,202.72,583100
10/02/2020 00:00:00,201.86,203.95,201.42,203.82,500000
11/02/2020 00:00:00,204.44,205.88,203.5,203.96,534700
12/02/2020 00:00:00,205.7,206.46,203.77,205.85,614700
13/02/2020 00:00:00,204.55,205.91,200.63,201.15,572300
14/02/2020 00:00:00,200.64,201.24,198.65,200.68,455000
18/02/2020 00:00:00,199.45,199.92,197.07,198.74,560700
19/02/2020 00:00:00,199.69,200.55,197.2,200.36,678000
20/02/2020 00:00:00,200.12,205.43,199.68,205.31,893000
21/02/2020 00:00:00,203.47,209.61,202.22,209.37,1162600
24/02/2020 00:00:00,202.25,203.38,199.8,202.76,1502600
25/02/2020 00:00:00,203.56,204.82,196.09,196.87,1120400
26/02/2020 00:00:00,198.58,201.99,194.89,195.16,854900
27/02/2020 00:00:00,189.7,195.04,186.11,186.2,1363500
28/02/2020 00:00:00,180.14,184.35,177.75,183.5,1584300
02/03/2020 00:00:00,184.67,191.07,183.28,190.59,1649000
03/03/2020 00:00:00,190.4,198.1,183.58,183.94,1629200
04/03/2020 00:00:00,187.37,192.67,185,192.25,991400
05/03/2020 00:00:00,185.18,189.56,182.76,183.4,1228100
06/03/2020 00:00:00,177.6,180.94,174.5,178.85,1321100
09/03/2020 00:00:00,157,165.46,151.45,152.64,2230900
10/03/2020 00:00:00,158.55,169.45,154.28,169.4,1722300
11/03/2020 00:00:00,163.2,164.46,156.21,159.09,1761000
12/03/2020 00:00:00,146,157.23,144.97,149.59,2491800
13/03/2020 00:00:00,157.34,166.35,152.28,166.18,2179400
16/03/2020 00:00:00,146.17,163.83,145.27,153.31,1858400
17/03/2020 00:00:00,156.36,159.13,148.1,155.16,1989500
18/03/2020 00:00:00,141.55,144.01,116.98,128.56,2300400
19/03/2020 00:00:00,127.26,137.8,119.9,135.08,1841100
20/03/2020 00:00:00,137.84,141.59,124.46,126.79,1701100
23/03/2020 00:00:00,122,125.34,115.38,120.68,2071500
24/03/2020 00:00:00,129.49,146.28,129.49,141.9,2545600
25/03/2020 00:00:00,143.63,159.99,138.58,154.56,2009500
26/03/2020 00:00:00,157.98,159.37,150.22,159.29,1547900
27/03/2020 00:00:00,150.08,156.62,146.52,151.46,1168100
30/03/2020 00:00:00,151.39,153.6,148.68,152.26,1198200
31/03/2020 00:00:00,150.23,152.85,145.51,150.91,1896800
01/04/2020 00:00:00,142.96,145.13,140.06,143.68,1408900
02/04/2020 00:00:00,142.47,152.3,142.47,149.71,997400
03/04/2020 00:00:00,150.28,152.52,144.84,146.78,935600
06/04/2020 00:00:00,155.93,159.3,154.38,157.41,1366600
07/04/2020 00:00:00,164.78,169.9,160.01,160.08,1199900
08/04/2020 00:00:00,162.3,169.69,161.84,167.8,898200
09/04/2020 00:00:00,170.36,174,161.84,167.64,1240600
13/04/2020 00:00:00,166.06,167.36,159.2,160.54,729800
14/04/2020 00:00:00,164.51,165.69,159.49,163.79,1072200
15/04/2020 00:00:00,158.63,159.61,154.8,158.96,718100
16/04/2020 00:00:00,159.18,160.16,154.85,158.95,765700
17/04/2020 00:00:00,165.45,170.4,164.91,168.59,1073800
20/04/2020 00:00:00,164.4,171.04,162.04,168.54,1031600
21/04/2020 00:00:00,163.46,167.39,163.46,164.46,810900
22/04/2020 00:00:00,167.38,169.44,164.1,166.19,671300
23/04/2020 00:00:00,167.57,173.34,167.17,169.34,876200
24/04/2020 00:00:00,171.93,175.54,169.32,174.59,850600
27/04/2020 00:00:00,175.96,182.64,175.74,181.68,1057900
28/04/2020 00:00:00,194.22,199.97,191.14,196.1,2397600
29/04/2020 00:00:00,197,200.57,193.86,197,1492700
30/04/2020 00:00:00,193.64,194.41,188.44,189.48,1391000
01/05/2020 00:00:00,185.11,186.48,181.03,183.19,701200
04/05/2020 00:00:00,180,188.9,177.8,187.92,1273600
05/05/2020 00:00:00,191.24,192.95,188.47,190.99,759100
06/05/2020 00:00:00,190.82,191.83,187.59,189.21,521300
07/05/2020 00:00:00,192.73,194.15,190.23,191.02,647200
08/05/2020 00:00:00,194.48,195.57,191.9,192.45,698400
11/05/2020 00:00:00,190.64,195.34,188.9,193.36,837100
12/05/2020 00:00:00,194.98,194.98,188.49,188.57,713700
13/05/2020 00:00:00,188.15,191.37,183.89,186.86,1044400
14/05/2020 00:00:00,184,191.32,183.67,191.01,1490200
15/05/2020 00:00:00,188.66,202.8,188.39,197.87,3215900
18/05/2020 00:00:00,202,209.49,201.29,205.17,1514400
19/05/2020 00:00:00,204.19,207.26,202.6,202.63,989100
20/05/2020 00:00:00,205.04,206.57,203.8,206.04,840000
21/05/2020 00:00:00,205.88,206.25,203.31,203.73,789700
22/05/2020 00:00:00,204.22,204.23,200.56,202.19,736500
26/05/2020 00:00:00,210,217.55,207.75,215.9,1667900
27/05/2020 00:00:00,218.34,220.51,214.02,219.24,1399200
28/05/2020 00:00:00,220,221.31,216.02,216.4,1096000
29/05/2020 00:00:00,215.17,216.75,212.64,216.16,2935600
01/06/2020 00:00:00,216.45,217.16,213.75,214.67,725300
02/06/2020 00:00:00,216.2,217.88,215.03,217.59,666200
03/06/2020 00:00:00,218,222.61,217.62,220.3,830600
04/06/2020 00:00:00,218.53,222.66,218.04,222.49,772200
05/06/2020 00:00:00,225,230.71,224.98,227.39,1043800
08/06/2020 00:00:00,228,229.21,224.12,225.57,649700
09/06/2020 00:00:00,221.99,223.27,219.41,220.04,1099900
10/06/2020 00:00:00,220,220.9,217.86,218.14,1903200
11/06/2020 00:00:00,211.46,213.38,205.67,206.06,994000
12/06/2020 00:00:00,213.09,213.43,202.07,208.19,869000
15/06/2020 00:00:00,202.61,211.1,200.6,210.48,1206100
16/06/2020 00:00:00,218.71,219.69,209.09,213.74,943300
17/06/2020 00:00:00,214.01,214.76,210.76,211.87,592700
18/06/2020 00:00:00,208.92,211.81,207.82,209.67,786800
19/06/2020 00:00:00,213.97,214.63,207.17,209.13,1837600
22/06/2020 00:00:00,209.62,212.62,206.9,210.56,590000
23/06/2020 00:00:00,213.24,213.24,208.58,208.69,603600
24/06/2020 00:00:00,206.72,209,202.97,205.03,652100
25/06/2020 00:00:00,204.4,208.45,202.02,208.2,625800
26/06/2020 00:00:00,207.56,207.91,202.9,205.27,1402300
29/06/2020 00:00:00,207.78,209.48,205.34,208.67,577700
30/06/2020 00:00:00,209.24,213.68,208.89,213,757300
01/07/2020 00:00:00,212.64,213.69,209.31,210.5,571100
02/07/2020 00:00:00,213.75,214.81,210.66,210.99,615200
06/07/2020 00:00:00,215.68,215.71,212.59,214.59,677500
07/07/2020 00:00:00,213.93,213.93,210.97,211.44,647100
08/07/2020 00:00:00,211.49,213.06,210.75,212.28,700000
09/07/2020 00:00:00,212,214.89,209.45,211.37,617200
10/07/2020 00:00:00,212.07,212.07,208.04,210.9,444500
13/07/2020 00:00:00,212.27,214.45,210.21,211.8,737200
14/07/2020 00:00:00,211.11,219.75,210.94,219.07,663700
15/07/2020 00:00:00,220,223.1,217.24,222.04,716900
16/07/2020 00:00:00,220.64,224.17,220.58,223.28,749400
17/07/2020 00:00:00,225,227.19,224.23,225.28,706100
20/07/2020 00:00:00,224.51,226,221.42,222.44,437900
21/07/2020 00:00:00,228.56,228.99,224.19,226.83,656600
22/07/2020 00:00:00,226.47,227.81,224.87,226.6,523400
23/07/2020 00:00:00,226.36,228.2,225.13,225.99,419100
24/07/2020 00:00:00,226.6,227.62,225.12,226.19,431100
27/07/2020 00:00:00,225.28,230.93,225.14,229,768100
28/07/2020 00:00:00,223,225.56,217.21,222.28,1190900
29/07/2020 00:00:00,224.19,224.48,219.06,220.97,1055600
30/07/2020 00:00:00,218.79,220.85,215.03,219.84,840100
31/07/2020 00:00:00,219.28,219.98,214.5,218.14,770300
03/08/2020 00:00:00,219.23,222.71,218.16,220.77,501600
04/08/2020 00:00:00,218.02,220.64,217.7,220.45,493700
05/08/2020 00:00:00,221.81,224.13,219.92,223.94,654700
06/08/2020 00:00:00,223.04,224.77,220.68,221.95,357800
07/08/2020 00:00:00,222.2,224.72,220.6,223.64,471700
10/08/2020 00:00:00,224.03,231.47,224.03,229.32,875100
11/08/2020 00:00:00,230.42,238.49,230.02,232.18,921400
12/08/2020 00:00:00,233.95,237.43,231.97,236.12,495500
13/08/2020 00:00:00,234.68,235.64,232.51,233.99,465800
14/08/2020 00:00:00,231.63,233.95,231.25,232.05,308200
17/08/2020 00:00:00,233.17,234.99,232.55,233.45,403400
18/08/2020 00:00:00,232.98,234.79,232.37,233.02,440600
19/08/2020 00:00:00,232,232.49,227.32,228.68,701500
20/08/2020 00:00:00,227.44,229,226.03,226.83,455600
21/08/2020 00:00:00,227.11,229.18,226.43,228.52,380600
24/08/2020 00:00:00,230.18,230.79,227.65,230.79,594800
25/08/2020 00:00:00,232,234.09,229.83,230.84,640300
26/08/2020 00:00:00,230.61,233.1,229.26,232.39,609000
27/08/2020 00:00:00,232.29,233.8,230.88,232.01,410100
28/08/2020 00:00:00,231.33,233.45,229.82,233.27,326700
31/08/2020 00:00:00,232.75,233.19,229.5,230.53,367200
01/09/2020 00:00:00,229.22,234.07,228.46,233.94,257300
02/09/2020 00:00:00,234.74,238.34,232.48,237.3,559700
03/09/2020 00:00:00,236.34,237.45,225.68,228.81,550300
04/09/2020 00:00:00,231.68,232.42,225.27,228.25,585200
08/09/2020 00:00:00,225.97,226.13,220.38,220.92,522300
09/09/2020 00:00:00,223.12,226.26,222.08,224.57,623800
10/09/2020 00:00:00,225.36,226.74,218.72,219.37,591900
11/09/2020 00:00:00,220.62,223.02,219.14,222.25,523000
14/09/2020 00:00:00,224.63,226.1,222.81,224.66,389200
15/09/2020 00:00:00,224.98,228.37,224.63,224.77,410400
16/09/2020 00:00:00,226.95,229.23,224.79,225.28,488600
17/09/2020 00:00:00,222.89,226.03,219.8,222.2,537800
18/09/2020 00:00:00,222.45,224.33,218.46,218.96,774100
21/09/2020 00:00:00,215.26,216.21,206.57,209.08,1024200
22/09/2020 00:00:00,209.92,214.32,209.29,214.09,558000
23/09/2020 00:00:00,214.5,216.48,212.53,212.78,668900
24/09/2020 00:00:00,210.74,219.06,210.74,217.37,471400
25/09/2020 00:00:00,215.55,217.21,214.7,215.67,562700
28/09/2020 00:00:00,219.34,221.74,218.37,219.99,470200
29/09/2020 00:00:00,220.05,222.64,218.69,221.23,392500
30/09/2020 00:00:00,222.58,225.78,219.55,220.68,607400
01/10/2020 00:00:00,223.34,224.36,216.36,219.52,702400
02/10/2020 00:00:00,215.72,225.49,215.51,223.43,512700
05/10/2020 00:00:00,227.13,233.25,226.23,233.22,715200
06/10/2020 00:00:00,233.6,238.23,232.41,232.79,517000
07/10/2020 00:00:00,235.95,238.28,233.39,236.42,428500
08/10/2020 00:00:00,237.43,241.35,235.4,241.12,655300
09/10/2020 00:00:00,243.92,246.46,242.65,244.28,761400
12/10/2020 00:00:00,247.78,249,244.04,244.23,603500
13/10/2020 00:00:00,244,246.01,241.18,243.15,480300
14/10/2020 00:00:00,244.75,246.84,243.49,243.98,460300
15/10/2020 00:00:00,240.77,248.48,240.77,247.45,371100
16/10/2020 00:00:00,248.98,251.95,248.1,249.03,451800
19/10/2020 00:00:00,248.14,250.87,243.32,244.46,406400
20/10/2020 00:00:00,245.67,247.3,238.64,240.98,842500
21/10/2020 00:00:00,240.54,246.11,236.65,236.82,730100
22/10/2020 00:00:00,237.82,241.3,237.65,239.33,594700
23/10/2020 00:00:00,241.28,243.93,240.26,243.1,561200
26/10/2020 00:00:00,240.03,241.13,234.67,236.94,608900
27/10/2020 00:00:00,237.5,238.69,233.72,236.88,738300
28/10/2020 00:00:00,232.42,236.36,230.69,234.01,843500
29/10/2020 00:00:00,233.82,238.71,231.58,235.84,487300
30/10/2020 00:00:00,235.12,237.63,232.4,237.12,473600
02/11/2020 00:00:00,240.07,246.27,240.07,245.39,693300
03/11/2020 00:00:00,249.19,254.79,246.78,253.37,571100
04/11/2020 00:00:00,251.02,251.27,241.58,242.69,812700
05/11/2020 00:00:00,247.6,255.7,246.34,250.3,525900
06/11/2020 00:00:00,250.68,252.44,249.31,249.44,518000
09/11/2020 00:00:00,264.36,267.48,254.21,254.74,928300
10/11/2020 00:00:00,245.63,253.91,237.02,249.05,1032000
11/11/2020 00:00:00,251.12,252.03,241.1,242.19,987500
12/11/2020 00:00:00,242.19,242.19,231.74,235.08,1253900
13/11/2020 00:00:00,237.54,239.94,236.73,239.78,737800
16/11/2020 00:00:00,241.95,242.98,236.51,241.22,914400
17/11/2020 00:00:00,241.81,243.69,239.28,241.32,663200
18/11/2020 00:00:00,241.77,249.08,241.19,245.5,906900
19/11/2020 00:00:00,245.5,250.64,242.55,250.14,769800
20/11/2020 00:00:00,250,251.34,246.97,247.63,777600
23/11/2020 00:00:00,251.52,253.56,249.46,251.78,573300
24/11/2020 00:00:00,256.12,259.25,253.55,256.81,895800
25/11/2020 00:00:00,255.93,257.81,252.45,256.43,539000
27/11/2020 00:00:00,257.66,259.01,255.21,255.93,243700
30/11/2020 00:00:00,253.39,255.58,249.44,255.56,962300
01/12/2020 00:00:00,258,259.83,246.81,246.96,974600
02/12/2020 00:00:00,246.63,248.93,245.495,246.69,779400
03/12/2020 00:00:00,245.68,250.77,244.065,245.24,640500
04/12/2020 00:00:00,245.3,249.72,245.28,247.96,582800
07/12/2020 00:00:00,247.64,248.1421,243.12,245.13,648800
08/12/2020 00:00:00,244.22,250.1789,244.08,249.6,492800
09/12/2020 00:00:00,249.12,252.25,248.435,251.28,659800
10/12/2020 00:00:00,249.75,250.4,244.13,246.77,696400
11/12/2020 00:00:00,245.13,249.06,244.87,246.72,578000
14/12/2020 00:00:00,248.19,249.095,242.77,242.99,427800
15/12/2020 00:00:00,245.71,249.44,244.24,247.22,489800
16/12/2020 00:00:00,248.52,248.765,244.16,245.73,534700
17/12/2020 00:00:00,246.69,247.92,244.62,247.19,500500
18/12/2020 00:00:00,246.91,248.4,242.705,247.95,1304000
21/12/2020 00:00:00,244.05,250.16,243.3103,249.36,699900
22/12/2020 00:00:00,249.06,249.14,245.64,247.64,567900
23/12/2020 00:00:00,248.41,250.89,248.03,248.03,498000
24/12/2020 00:00:00,248.56,249.08,247.21,248.63,131400
28/12/2020 00:00:00,251.99,251.99,248.06,248.36,416000
29/12/2020 00:00:00,250.23,250.36,244.68,246.66,396200
30/12/2020 00:00:00,247.37,249.9,247.1,249.1,295900
31/12/2020 00:00:00,249.99,251.09,247.65,250.81,354300
04/01/2021 00:00:00,251.89,256.49,245.05,246.47,884900
05/01/2021 00:00:00,246.21,248.74,244.5,247.07,682600
06/01/2021 00:00:00,250.48,260.91,250.48,258.56,899600
07/01/2021 00:00:00,261.37,262.54,257.585,259.54,587200
08/01/2021 00:00:00,260.73,264.25,258.23,261.81,699200
11/01/2021 00:00:00,259.11,264.13,257.025,262.59,577900
12/01/2021 00:00:00,262.52,265.84,260.89,265.47,446200
13/01/2021 00:00:00,266.21,266.37,262.105,262.42,405800
14/01/2021 00:00:00,263.36,264.56,260.7,262.75,375400
15/01/2021 00:00:00,258.97,258.97,253.38,255.6,663600
19/01/2021 00:00:00,258.59,263.12,258.45,261,524200
20/01/2021 00:00:00,261.49,265.0808,260.13,263.97,519300
21/01/2021 00:00:00,264.18,268.54,261.94,267.7,773900
22/01/2021 00:00:00,264.98,268.91,262.79,265.97,735700
25/01/2021 00:00:00,265.51,266.725,260.09,260.85,802800
26/01/2021 00:00:00,255.49,257.19,244.01,244.45,2310500
27/01/2021 00:00:00,245.91,247.18,238.49,241.05,2246500
28/01/2021 00:00:00,245.04,254.375,243.22,251.2,936100
29/01/2021 00:00:00,250,255.315,248.11,248.53,1107400
01/02/2021 00:00:00,252.02,252.6,247.09,247.68,985500
02/02/2021 00:00:00,250,254.0599,249.43,252.52,677000
03/02/2021 00:00:00,252.63,253.85,245,245.39,719100
04/02/2021 00:00:00,245.74,246.5,237.77,241.27,1415500
05/02/2021 00:00:00,244.41,246.0405,240.39,242.89,894100
08/02/2021 00:00:00,245.34,247.33,244.08,247.26,595600
09/02/2021 00:00:00,247.13,247.91,243.64,246.52,557500
10/02/2021 00:00:00,248.87,248.8977,244.16,244.75,598500
11/02/2021 00:00:00,245.9,246.93,242.36,246.86,631700
12/02/2021 00:00:00,244.84,249.67,243.05,249.18,611300
16/02/2021 00:00:00,250.99,252.6555,248.82,249.72,561400
17/02/2021 00:00:00,247.72,251.875,246.35,248.1,632400
18/02/2021 00:00:00,247,247.15,242,244.19,444800
19/02/2021 00:00:00,246.38,250.5,245.925,248.23,574800
22/02/2021 00:00:00,246.34,247.66,243.08,243.95,589600
23/02/2021 00:00:00,242.5,246.32,237.135,245.41,584300
24/02/2021 00:00:00,245.64,247.71,242.94,247.04,607300
25/02/2021 00:00:00,247.03,247.615,243.045,244.41,427200
26/02/2021 00:00:00,246.5,247.64,242.235,243.28,617000
01/03/2021 00:00:00,245.51,253.03,245.51,251.24,720500
02/03/2021 00:00:00,252.13,252.3449,247.75,248.71,437300
03/03/2021 00:00:00,247.14,253.4372,246.91,250.84,737000
04/03/2021 00:00:00,249.36,254.4,242.05,246.07,941000
05/03/2021 00:00:00,248.61,254.1,244,253.09,575000
08/03/2021 00:00:00,254.45,259.9,253.605,257.87,721500
09/03/2021 00:00:00,259.56,263.94,258.45,259.72,745900
10/03/2021 00:00:00,260.37,265.16,259.01,263.66,626400
11/03/2021 00:00:00,265.01,268.2,262.69,264.25,742400
12/03/2021 00:00:00,265,265.24,262.025,265.24,644500
15/03/2021 00:00:00,264,265.06,260.2,265.06,553600
16/03/2021 00:00:00,265.18,265.18,257.08,258.34,861700
17/03/2021 00:00:00,258.66,261.76,257.33,261.33,504600
18/03/2021 00:00:00,261.17,264.865,259.15,260.31,600000
19/03/2021 00:00:00,258.95,260.525,255.53,258.3,1028100
22/03/2021 00:00:00,259.36,263.12,256.58,261.87,665000
23/03/2021 00:00:00,260.98,263.45,257.1,258.72,605300
24/03/2021 00:00:00,260.02,265.99,259.9,263.19,628300
25/03/2021 00:00:00,263.26,265.33,256.63,264.65,523600
26/03/2021 00:00:00,266.69,274.1,266.04,273.55,761600
29/03/2021 00:00:00,273,275.43,270.21,270.32,619800
30/03/2021 00:00:00,269.74,272.2,266.44,267.64,586500
31/03/2021 00:00:00,268.51,270.145,264.405,265.44,734700
01/04/2021 00:00:00,266.64,266.98,261.555,263.44,784400
05/04/2021 00:00:00,265.99,268.06,264.72,267.66,684800
06/04/2021 00:00:00,266.32,267.8999,261.85,262.92,738400
07/04/2021 00:00:00,261.35,262.67,259.44,261.27,647800
08/04/2021 00:00:00,260.97,262.18,259.25,261.04,452800
09/04/2021 00:00:00,263.13,265.09,257.17,264.59,506000
12/04/2021 00:00:00,264.08,266.765,263.5,265.09,549700
13/04/2021 00:00:00,260.27,262.48,258.78,261.94,603800
14/04/2021 00:00:00,262.76,263.46,259.36,259.6,463700
15/04/2021 00:00:00,260.28,264.6,259.86,264.28,588000
16/04/2021 00:00:00,267.44,269.62,265.55,265.85,580100
19/04/2021 00:00:00,264.9,267.2,263.765,267.1,517400
20/04/2021 00:00:00,267.81,268,261.3566,263.22,435100
21/04/2021 00:00:00,263.33,267.89,263.15,267.82,452100
22/04/2021 00:00:00,268.37,268.37,263.955,265.05,694600
23/04/2021 00:00:00,265.67,269.425,265.19,269.06,682600
26/04/2021 00:00:00,268.83,272.55,266.12,267.42,558500
27/04/2021 00:00:00,268.8,270.46,266.52,268.62,701900
28/04/2021 00:00:00,266.96,269.56,263.363,266.25,738700
29/04/2021 00:00:00,269.46,271.76,266.79,267.77,529000
30/04/2021 00:00:00,265.11,267.465,263.15,264.26,613800
03/05/2021 00:00:00,266.8,266.8,260.52,261.17,708000
04/05/2021 00:00:00,259.69,263.44,258.21,262.6,606100
05/05/2021 00:00:00,265.12,268.46,265.12,266.53,991100
06/05/2021 00:00:00,267,268.63,264.8,268.5,579400
07/05/2021 00:00:00,267.31,271.29,265.94,270.68,616100
10/05/2021 00:00:00,271.04,274.1399,270.3476,270.81,507800
11/05/2021 00:00:00,269.02,270.17,266,268.31,659600
12/05/2021 00:00:00,266.38,269.39,260.44,260.54,746300
13/05/2021 00:00:00,261.11,267.13,261,265.71,416300
14/05/2021 00:00:00,266.88,269.64,264.63,267.46,460800
17/05/2021 00:00:00,268.47,268.76,262.325,264.94,502600
18/05/2021 00:00:00,264.65,264.67,260.43,261.39,783600
19/05/2021 00:00:00,257.82,259.7,253.37,258.42,779900
20/05/2021 00:00:00,258.78,260.11,256.505,258.35,549100
21/05/2021 00:00:00,259.53,262.495,259,260.2,424000
24/05/2021 00:00:00,261.73,263.35,260.03,262.39,415500
25/05/2021 00:00:00,262.75,264.84,259.98,260.53,551700
26/05/2021 00:00:00,260.05,261,257.25,260.51,623300
27/05/2021 00:00:00,263.86,265.63,262.275,263.09,1717300
28/05/2021 00:00:00,263.73,264.54,260.62,263.72,598500
01/06/2021 00:00:00,267.85,268.45,265.37,267.89,737300
02/06/2021 00:00:00,268.32,272.49,267.2822,271.82,751400
03/06/2021 00:00:00,270.88,275.01,269.835,274.44,641900
04/06/2021 00:00:00,275.72,277.14,274.12,275.62,502200
07/06/2021 00:00:00,276.37,277,273.17,274.73,452300
08/06/2021 00:00:00,274.9,277.89,273.75,275.43,649400
09/06/2021 00:00:00,275.23,279.88,274.35,279.15,1061800
10/06/2021 00:00:00,280.2,281.81,278.495,281.67,892500
11/06/2021 00:00:00,282.92,284.23,280.2125,284.15,1002700
14/06/2021 00:00:00,283.94,283.94,279.22,281.7,689800
15/06/2021 00:00:00,282.84,284.44,279.81,284.01,708600
16/06/2021 00:00:00,284,285.93,281.23,283.13,1395100
17/06/2021 00:00:00,283.19,283.19,268.97,270.99,933600
18/06/2021 00:00:00,267.28,272.27,266.77,271.71,1466300
21/06/2021 00:00:00,273.31,280.33,273.31,280.32,1244600
22/06/2021 00:00:00,281.1,285.68,278.48,285.18,1712800
23/06/2021 00:00:00,286,289.515,285.2,285.8,1808300
24/06/2021 00:00:00,287.67,287.67,283.05,285.51,715500
25/06/2021 00:00:00,286.47,289.37,284.4,285.64,1274000
28/06/2021 00:00:00,285.67,285.67,281.53,283.24,924500
29/06/2021 00:00:00,284.38,285.07,282.32,283.58,747400
30/06/2021 00:00:00,282.5,286.55,281.71,286.02,597100
01/07/2021 00:00:00,288.01,288.01,284.72,285.3,543200
02/07/2021 00:00:00,285.73,286.07,283.29,285.23,628500
06/07/2021 00:00:00,286.43,286.67,280.35,284,711500
07/07/2021 00:00:00,283.76,293.2,282.61,291.96,642000
08/07/2021 00:00:00,285.32,290.48,285.32,287.5,460000
09/07/2021 00:00:00,291.88,292.95,289.98,291.2,429400
12/07/2021 00:00:00,290.5,293.75,290.4,292.91,378900
13/07/2021 00:00:00,292.89,293.18,290.94,291.43,415000
14/07/2021 00:00:00,292.09,293.08,289.09,291.88,410100
15/07/2021 00:00:00,291.95,294.85,290.48,293.82,437800
16/07/2021 00:00:00,295.71,295.71,292.94,293.92,586200
19/07/2021 00:00:00,290.12,291.46,286.22,290.25,694000
20/07/2021 00:00:00,290.84,297.58,289.77,295.92,539500
21/07/2021 00:00:00,297.26,298.71,296.91,298.29,417300
22/07/2021 00:00:00,299.04,299.29,296.76,297.51,332600
23/07/2021 00:00:00,299.45,299.98,296.99,299.25,361100
26/07/2021 00:00:00,299.21,300.09,296.39,297.81,773600
27/07/2021 00:00:00,289,296.775,281.44,293.49,1021200
28/07/2021 00:00:00,288,301,287.51,299.18,1023600
29/07/2021 00:00:00,301.98,304.98,297.16,304.81,710200
30/07/2021 00:00:00,304.25,308.79,303.61,307.42,632300
02/08/2021 00:00:00,308.76,310.34,305.26,307.31,692900
03/08/2021 00:00:00,308.77,312.17,307.68,311.06,968100
04/08/2021 00:00:00,309.56,313.77,309.01,311.92,542500
05/08/2021 00:00:00,314.37,314.85,310.84,313.71,778100
06/08/2021 00:00:00,314.83,315.97,312.92,314.33,549600
09/08/2021 00:00:00,314.05,315.88,312.15,314.03,609200
10/08/2021 00:00:00,314.58,318.65,314.58,318.41,531300
11/08/2021 00:00:00,319.5,320.95,313.44,316.42,985500
12/08/2021 00:00:00,315.88,318.29,315.88,317.19,453900
13/08/2021 00:00:00,316.55,318.885,315.09,316.53,317800
16/08/2021 00:00:00,316.14,319.55,314.96,319.42,318100
17/08/2021 00:00:00,318.17,318.55,311.9714,313.25,608800
18/08/2021 00:00:00,312.43,315.58,311.41,312.59,404900
19/08/2021 00:00:00,310.43,318.27,308.982,314.4,593000
20/08/2021 00:00:00,314.36,317.625,314.36,315.05,272700
23/08/2021 00:00:00,316.65,318.37,314.27,314.58,409600
24/08/2021 00:00:00,315.14,317.79,314.37,316.45,335300
25/08/2021 00:00:00,316.71,320.25,315.42,319.37,314900
26/08/2021 00:00:00,319.78,320.63,318.39,319.79,359600
27/08/2021 00:00:00,321.68,322.91,320.86,321.66,333300
30/08/2021 00:00:00,322.23,326.5,321.532,324.8,401900
31/08/2021 00:00:00,324.53,326.22,322.62,325.45,608000
01/09/2021 00:00:00,325.01,325.64,321.59,323.02,417000
02/09/2021 00:00:00,324.84,327.18,323.1,327.14,454200
03/09/2021 00:00:00,326.7,327.2,323.46,324,489200
07/09/2021 00:00:00,322.42,322.7399,318.1,318.46,649200
08/09/2021 00:00:00,318.16,319.44,314.72,318.75,604600
09/09/2021 00:00:00,319.41,320.01,313.745,315.03,591800
10/09/2021 00:00:00,316.44,316.76,313.58,314.09,603000
13/09/2021 00:00:00,316.6,317.26,312.07,315.79,445100
14/09/2021 00:00:00,317.49,317.99,312.84,313.31,328800
15/09/2021 00:00:00,313,318.6744,312.495,317.67,408100
16/09/2021 00:00:00,318.29,318.79,314.57,317.01,382000
17/09/2021 00:00:00,315.04,315.04,310.41,311.55,1083500
20/09/2021 00:00:00,306.24,306.68,300.28,302.47,941900
21/09/2021 00:00:00,304.22,304.26,298.52,300.17,678100
22/09/2021 00:00:00,301.76,303.28,300.48,301.94,543000
23/09/2021 00:00:00,304.6,306.35,301.43,304.15,550100
24/09/2021 00:00:00,302.75,305.6159,302.46,302.57,325100
27/09/2021 00:00:00,302.55,306.58,302.34,302.83,309200
28/09/2021 00:00:00,301.42,303.13,295.54,296.74,489900
29/09/2021 00:00:00,297.8,299.17,296.74,297.86,406500
30/09/2021 00:00:00,299.68,300.43,293.91,294.04,598300
01/10/2021 00:00:00,293.61,297.38,289.56,294.86,469300
04/10/2021 00:00:00,293.89,295.635,290.52,292.75,461700
05/10/2021 00:00:00,295.95,299.25,294.42,298.33,407400
06/10/2021 00:00:00,294.85,298.47,292.62,298.21,421500
07/10/2021 00:00:00,301.1,306.47,300.59,304.84,697800
08/10/2021 00:00:00,300.93,303.19,299.09,301.33,364500
11/10/2021 00:00:00,300.38,304.55,298.58,298.69,347700
12/10/2021 00:00:00,300.14,301,296.69,297.96,334400
13/10/2021 00:00:00,298.81,302.17,296.825,299.87,330300
14/10/2021 00:00:00,302.3,310.32,302.17,310.18,393100
15/10/2021 00:00:00,312.42,316.3,310.285,314.2,379000
18/10/2021 00:00:00,311.93,315.58,310.67,314.99,290800
19/10/2021 00:00:00,317.65,318.18,314.2,316.14,330900
20/10/2021 00:00:00,317.64,320.645,316.1,319.4,288300
21/10/2021 00:00:00,317.77,317.84,309.8,317.7,493700
22/10/2021 00:00:00,318.92,319.99,315.54,316.3,288200
25/10/2021 00:00:00,316.3,317.295,312.36,315.68,440500
26/10/2021 00:00:00,316.87,318.59,314.75,315.57,498000
27/10/2021 00:00:00,316.45,320.15,312.97,313.71,380800
28/10/2021 00:00:00,315.21,319.08,314.46,318.71,498800
29/10/2021 00:00:00,318.24,320.56,317.76,319.4,439500
01/11/2021 00:00:00,319.88,321.99,315.85,319.89,798700
02/11/2021 00:00:00,335.95,345.08,329.85,343.41,1543800
03/11/2021 00:00:00,343,343.55,333.92,339.3,886200
04/11/2021 00:00:00,340.35,344.96,339.71,341.89,437200
05/11/2021 00:00:00,344,345.83,337.335,339.01,475600
08/11/2021 00:00:00,342.48,343.3203,334.62,335.48,480700
09/11/2021 00:00:00,336.22,339.79,335,335.64,377400
10/11/2021 00:00:00,334.67,335.24,331.32,333.48,457500
11/11/2021 00:00:00,333.58,333.58,326.6,329.66,571600
12/11/2021 00:00:00,330.47,335.24,328.525,334.48,348200
15/11/2021 00:00:00,334.48,337.95,333.355,335.06,336800
16/11/2021 00:00:00,335.36,343.41,335.36,340.57,470900
17/11/2021 00:00:00,343.63,347.045,338.46,341.95,679500
18/11/2021 00:00:00,342.38,344.85,339.92,344.77,475600
19/11/2021 00:00:00,345.6,349.84,343.11,348.17,531500
22/11/2021 00:00:00,348.5,353.43,346.26,347.25,660100
23/11/2021 00:00:00,346.27,349.51,342.655,345.96,571800
24/11/2021 00:00:00,343.6,346.52,341.28,344.94,625200
26/11/2021 00:00:00,338.99,342.7,337.01,339.2,513800
29/11/2021 00:00:00,341.46,344.2,337.21,340.58,589500
30/11/2021 00:00:00,338.5,339.51,332.82,336.2,1427100
01/12/2021 00:00:00,340.62,344.5,331.73,332.01,590600
02/12/2021 00:00:00,333.35,345.71,333.35,343.66,1165100
03/12/2021 00:00:00,344.79,346.44,340.94,345.47,1043400
06/12/2021 00:00:00,346.5,347.49,340.79,344.92,1012800
07/12/2021 00:00:00,348.41,353.125,347.55,350.76,432600
08/12/2021 00:00:00,351.76,352,346.87,348.45,450600
09/12/2021 00:00:00,348.35,348.95,345.68,346.57,389900
10/12/2021 00:00:00,348.85,351.09,347.65,350.64,395700
13/12/2021 00:00:00,350,353.83,348.73,351.02,533400
14/12/2021 00:00:00,350.13,351.88,339.31,342.62,685800
15/12/2021 00:00:00,344.34,351.43,343.01,351.35,827300
16/12/2021 00:00:00,351.9,354.99,347.275,348.87,536300
17/12/2021 00:00:00,345.91,346.7,341.25,341.76,991200
20/12/2021 00:00:00,338.63,339.86,331.335,336.59,592800
21/12/2021 00:00:00,340.03,342.08,337.03,339.71,386300
22/12/2021 00:00:00,339.23,341.23,334.96,338.44,541200
23/12/2021 00:00:00,339.49,342.67,339.1671,340.12,584100
27/12/2021 00:00:00,341.76,348.48,340.62,348.31,230300
28/12/2021 00:00:00,348.3,349.7,347.68,348.34,237500
29/12/2021 00:00:00,348.97,349.87,346.36,349.06,236700
30/12/2021 00:00:00,349.58,350.98,346.63,346.84,235300
31/12/2021 00:00:00,346.01,350.4,346.01,348.85,305000
03/01/2022 00:00:00,348.85,349,335.03,339.66,638100
04/01/2022 00:00:00,341.52,344.8981,338.875,343.1,588100
05/01/2022 00:00:00,344.33,345.06,336.935,337.36,578100
06/01/2022 00:00:00,337.13,339.87,332.5,335.11,453400
07/01/2022 00:00:00,336.11,336.11,327.64,327.88,613300
10/01/2022 00:00:00,323.8,331.095,316.87,330.15,766400
11/01/2022 00:00:00,332.31,335.43,325.42,335,502700
12/01/2022 00:00:00,337.43,339.7063,331.35,335.1,594000
13/01/2022 00:00:00,335.5,336.79,329.7,330.01,414700
14/01/2022 00:00:00,326.57,328.58,320.71,325.05,677800
18/01/2022 00:00:00,320.67,322.06,315.65,317.5,659700
19/01/2022 00:00:00,318.7,324.66,315.38,315.63,532500
20/01/2022 00:00:00,317.02,321.45,312.73,313.75,518500
21/01/2022 00:00:00,314.08,320.23,311.1663,314.25,594100
24/01/2022 00:00:00,310,312.66,298.67,311.78,1100700
25/01/2022 00:00:00,305.09,306.92,296.28,301.63,868100
26/01/2022 00:00:00,302.04,306.71,294.085,298.04,848300
27/01/2022 00:00:00,290,297.525,285.06,286.98,1442200
28/01/2022 00:00:00,285.31,286.9,275.37,284.6,1311500
31/01/2022 00:00:00,284.3,289.61,280.24,289.22,850300
01/02/2022 00:00:00,290.91,291.48,283.07,290.1,667200
02/02/2022 00:00:00,291.48,295.56,290.665,294.35,915900
03/02/2022 00:00:00,290.89,292.58,283.73,284.72,645700
04/02/2022 00:00:00,281.95,284.87,276.35,280.68,752500
07/02/2022 00:00:00,280.79,284.63,278.885,280.27,498100
08/02/2022 00:00:00,280.29,282.475,277.99,281.03,643800
09/02/2022 00:00:00,284.73,288.134,284.38,286.43,697900
10/02/2022 00:00:00,280.74,285.8415,275.1,277.33,726500
11/02/2022 00:00:00,277,278.23,267.085,268.34,674000
14/02/2022 00:00:00,268.51,269.94,265.48,268.37,505700
15/02/2022 00:00:00,272.89,273.82,269.45,272.3,605400
16/02/2022 00:00:00,271.33,274.25,269.01,273.01,623600
17/02/2022 00:00:00,271.2,271.2,265.33,266.46,769900
18/02/2022 00:00:00,266.94,268.45,263.94,264.59,561100
22/02/2022 00:00:00,264.6,265.1,259.57,263.93,715200
23/02/2022 00:00:00,265.12,267.35,256.22,257.2,504900
24/02/2022 00:00:00,252.25,267.58,250.65,266.06,1236300
25/02/2022 00:00:00,266.28,270.045,263.12,269.28,705300
28/02/2022 00:00:00,266.59,274.11,262.825,266.58,1206200
01/03/2022 00:00:00,266.56,266.56,260.3,262.12,737300
02/03/2022 00:00:00,264.64,271.05,263.085,268.74,540300
03/03/2022 00:00:00,271.43,272.8,268.39,270.46,757800
04/03/2022 00:00:00,266.25,269.32,264.17,269.06,693000
07/03/2022 00:00:00,270,272.275,264.32,264.54,679100
08/03/2022 00:00:00,268.9,277.2898,265.09,273.46,1406800
09/03/2022 00:00:00,279.62,281.655,270.45,271.04,1036700
10/03/2022 00:00:00,265.53,266.93,259.01,262.55,911800
11/03/2022 00:00:00,264.76,266.1171,256.67,257.01,700900
14/03/2022 00:00:00,260,261.82,252.85,256.35,741000
15/03/2022 00:00:00,257.21,263.81,257.21,261.02,679200
16/03/2022 00:00:00,262.87,269.19,262.44,268.48,755700
17/03/2022 00:00:00,266.93,272.26,266.93,271,569000
18/03/2022 00:00:00,273.47,276.49,268.87,275.83,949300
21/03/2022 00:00:00,274.6,275.87,270.045,272.91,613700
22/03/2022 00:00:00,274.28,275.63,272.04,274.15,534900
23/03/2022 00:00:00,271.92,273.43,269.06,270.44,452700
24/03/2022 00:00:00,272.16,275,270.46,275,422000
25/03/2022 00:00:00,275.64,279.99,274.73,279.18,526500
28/03/2022 00:00:00,276.21,280.375,275.32,280.24,481800
29/03/2022 00:00:00,284.24,288.3775,282.16,284.89,626200
30/03/2022 00:00:00,282.96,283.585,279.63,280.72,656800
31/03/2022 00:00:00,279.98,283.71,279.48,280.03,1083000
01/04/2022 00:00:00,282.06,284.75,278.97,284.48,740400
04/04/2022 00:00:00,283.08,284,279.62,281.17,665900
05/04/2022 00:00:00,281.69,283.65,277.75,279.1,756100
06/04/2022 00:00:00,272.79,275.11,269.2,272.23,814400
07/04/2022 00:00:00,270.35,272.55,266.5,271.05,665200
08/04/2022 00:00:00,271.03,275.01,267.835,269.41,472100
11/04/2022 00:00:00,268.1,270.93,265.48,266.08,495900
12/04/2022 00:00:00,266.71,270.4,262.07,262.91,455800
13/04/2022 00:00:00,262.7,267.215,262.05,267.04,460600
14/04/2022 00:00:00,267.06,267.99,261.48,261.66,509800
18/04/2022 00:00:00,260.88,264.98,260.22,261.47,422300
19/04/2022 00:00:00,262.4,271.23,261.68,270.91,529200
20/04/2022 00:00:00,273.35,277.16,271.975,272.54,607400
21/04/2022 00:00:00,276.12,280.46,271.63,271.76,614900
22/04/2022 00:00:00,269.62,269.62,260.365,260.53,593900
25/04/2022 00:00:00,259.11,261.77,252.49,261.31,613800
26/04/2022 00:00:00,259.37,260.52,252.03,252.21,752800
27/04/2022 00:00:00,252.79,258.58,252.79,256.79,575900
28/04/2022 00:00:00,259.49,264.27,256.59,263.35,464700
29/04/2022 00:00:00,262.02,264.52,251.845,252.67,1077700
02/05/2022 00:00:00,251,253.24,244.91,250.04,1572800
03/05/2022 00:00:00,228.55,230,210.62,213.74,4016000
04/05/2022 00:00:00,213.01,223.34,211.85,222.35,1792300
05/05/2022 00:00:00,219.58,221.4,212.27,214.44,1270200
06/05/2022 00:00:00,213.87,219.51,210.21,214.51,1306600
09/05/2022 00:00:00,210.89,213.505,202.38,203.22,1744500
10/05/2022 00:00:00,206.39,208.625,199.84,205.12,1403900
11/05/2022 00:00:00,203.66,207.38,198.64,199,1100500
12/05/2022 00:00:00,197.1,208,197.1,203.83,1555600
13/05/2022 00:00:00,204.78,209.39,202.295,203.82,1386700
16/05/2022 00:00:00,203.36,204.1301,199,202.39,742800
17/05/2022 00:00:00,204.75,205.605,200.66,204.24,812400
18/05/2022 00:00:00,201.95,202.49,194.53,195.4,1072500
19/05/2022 00:00:00,194.78,201.28,191.075,198.72,956900
20/05/2022 00:00:00,199.79,201.63,195.21,199.51,910500
23/05/2022 00:00:00,202.09,203.61,197.69,202.66,701700
24/05/2022 00:00:00,197.8,199.3,193.95,198.18,1046100
25/05/2022 00:00:00,197.17,199.63,195.25,198.83,898900
26/05/2022 00:00:00,202.11,205.89,201.64,204.74,877800
27/05/2022 00:00:00,207.38,212.08,207.12,211.02,1176100
31/05/2022 00:00:00,208.94,214.86,207.22,213.2,2237000
01/06/2022 00:00:00,215.84,219.53,213.72,217.01,1433300
02/06/2022 00:00:00,218,220.43,214.83,220.16,1008200
03/06/2022 00:00:00,217.15,219.59,215.46,218.27,794600
06/06/2022 00:00:00,221.42,222.17,212.985,214.86,1197200
07/06/2022 00:00:00,212.77,217.43,211.25,217.29,997000
08/06/2022 00:00:00,215.47,218.22,214.22,214.87,824100
09/06/2022 00:00:00,212.92,217.47,210.55,213.3,992400
10/06/2022 00:00:00,210.47,212.6,208.56,208.74,1194700
13/06/2022 00:00:00,202.95,204.61,199.02,201.58,1370500
14/06/2022 00:00:00,201.05,202.52,197.96,200.42,817700
15/06/2022 00:00:00,202.24,208.72,201.1,205.66,1881500
16/06/2022 00:00:00,199.98,201.75,196.92,198.01,1633100
17/06/2022 00:00:00,196.47,200.16,190.88,191.09,3148400
21/06/2022 00:00:00,192.84,197.06,192.4,193.39,1487000
22/06/2022 00:00:00,190.08,196.75,190.08,195.66,1568100
23/06/2022 00:00:00,195.56,197.93,194.01,197.18,1149300
24/06/2022 00:00:00,199.58,201.76,197.65,201.06,1273600
27/06/2022 00:00:00,202.78,204.33,198.42,201.3,786900
28/06/2022 00:00:00,201.08,202.75,197.01,197.64,927300
29/06/2022 00:00:00,197.19,197.685,194.24,197.17,664900
30/06/2022 00:00:00,194.11,201.7,193.72,199.31,1287400
01/07/2022 00:00:00,199.62,201.79,194.46,198.71,670900
05/07/2022 00:00:00,195.94,199.86,194.86,199.62,612400
06/07/2022 00:00:00,200.62,202.695,198.94,200.57,593100
07/07/2022 00:00:00,200.79,203.73,200.01,202.93,663100
08/07/2022 00:00:00,201.98,202.61,199.06,200.13,588600
11/07/2022 00:00:00,199.28,203.49,198.88,200.84,682200
12/07/2022 00:00:00,200.14,202.42,197.325,198.47,449500
13/07/2022 00:00:00,194.67,200.075,192.9,197.95,757000
14/07/2022 00:00:00,194.96,200.0686,194.23,199.68,525700
15/07/2022 00:00:00,202.24,207.32,200.9827,206.35,1041900
18/07/2022 00:00:00,207.14,208.12,203.94,204.7,563300
19/07/2022 00:00:00,207.56,217.16,207.14,216.4,1056100
20/07/2022 00:00:00,213.96,216.955,208.73,215.86,1151100
21/07/2022 00:00:00,215.72,221.175,214.01,220.5,849400
22/07/2022 00:00:00,220.62,224.335,220.01,221.6,1084900
25/07/2022 00:00:00,220.81,221.74,218.62,219.96,698500
26/07/2022 00:00:00,218.47,222.635,217.76,219.43,1457800
27/07/2022 00:00:00,248.1,253.03,233.63,240.46,2499100
28/07/2022 00:00:00,243.07,247.58,237.325,247.23,1510600
29/07/2022 00:00:00,247,255.89,246.07,255.28,1111000
01/08/2022 00:00:00,252.54,255.21,250.035,252.57,688300
02/08/2022 00:00:00,251.02,251.67,247.02,248.26,820500
03/08/2022 00:00:00,248.48,252.07,246.29,251.07,930100
04/08/2022 00:00:00,251.57,254.52,250.07,253.96,520200
05/08/2022 00:00:00,251.18,254.04,248.3,252.24,588300
08/08/2022 00:00:00,253.7,254.29,248.49,250.56,827100
09/08/2022 00:00:00,248.72,249.94,245.01,245.16,789000
10/08/2022 00:00:00,250.58,254.59,246.73,253.61,953000
11/08/2022 00:00:00,256.18,257.27,252.41,252.92,704600
12/08/2022 00:00:00,252.71,257.98,252.08,257.76,472300
15/08/2022 00:00:00,255.85,260.72,255.36,258.82,603600
16/08/2022 00:00:00,256.82,261.655,256.36,259.44,562800
17/08/2022 00:00:00,254.08,256.28,252.55,255.91,834600
18/08/2022 00:00:00,257.27,257.54,253.63,256.4,436000
19/08/2022 00:00:00,253.99,255.1051,250.48,251.61,425900
22/08/2022 00:00:00,247.33,248.16,243.0322,243.9,674500
23/08/2022 00:00:00,243.57,245.82,242.525,243.42,682200
24/08/2022 00:00:00,243.66,245.8,241.3,243.14,791500
25/08/2022 00:00:00,245.38,247.67,243.69,246.86,491300
26/08/2022 00:00:00,247.02,247.88,236.84,236.88,485300
29/08/2022 00:00:00,235.01,240.86,234.51,237.92,489000
30/08/2022 00:00:00,239.56,239.98,235.135,236.63,343800
31/08/2022 00:00:00,237.59,240.21,236.63,236.94,865300
01/09/2022 00:00:00,235,241.87,234.4501,241.77,813600
02/09/2022 00:00:00,244.9,245.71,236.58,238.01,551200
06/09/2022 00:00:00,237.42,239.49,234.37,238.26,437300
07/09/2022 00:00:00,239.3,244.26,238.02,243,405600
08/09/2022 00:00:00,241.33,245.11,240.39,244.93,441500
09/09/2022 00:00:00,248.27,256.02,247.99,255.38,1158200
12/09/2022 00:00:00,256,258.4748,253.68,257.06,702900
13/09/2022 00:00:00,250.02,251.75,246.73,247.61,555900
14/09/2022 00:00:00,247.44,252.25,245.625,250.99,951400
15/09/2022 00:00:00,248.99,253.1875,243.17,245.17,685400
16/09/2022 00:00:00,242.22,242.22,235.29,237.9,1373700
19/09/2022 00:00:00,236.95,242.67,236.23,242.16,521100
20/09/2022 00:00:00,239.85,239.85,233.73,236.15,695200
21/09/2022 00:00:00,239.25,241.3,231.06,231.06,802000
22/09/2022 00:00:00,229.02,230.87,224.25,225,1072800
23/09/2022 00:00:00,222.67,222.99,217.07,219.76,859200
26/09/2022 00:00:00,219.47,221.14,215.125,215.42,673300
27/09/2022 00:00:00,218.31,218.31,209.27,212.13,1108700
28/09/2022 00:00:00,214.19,217.93,211.295,217.33,1125500
29/09/2022 00:00:00,215.44,217.935,211.2014,215.78,743000
30/09/2022 00:00:00,216.24,220.88,214.89,215.11,705200
03/10/2022 00:00:00,219.75,227.8,217.59,225.64,812400
04/10/2022 00:00:00,229.77,232.55,228.955,231.83,792300
05/10/2022 00:00:00,228.63,237.62,228.63,234.71,823800
06/10/2022 00:00:00,233.96,237.11,232.44,233.12,599200
07/10/2022 00:00:00,229.97,230.01,223.68,225.41,545200
10/10/2022 00:00:00,227.25,228.6,223.07,225.33,355300
11/10/2022 00:00:00,223.71,230.1,223.09,225.93,595900
12/10/2022 00:00:00,227.3,228.61,224.14,225.34,532700
13/10/2022 00:00:00,221.35,232.59,219.555,231.98,637000
14/10/2022 00:00:00,232.73,234.57,223.075,223.88,570500
17/10/2022 00:00:00,229.8,231.63,228.62,230.71,434000
18/10/2022 00:00:00,238.26,239.03,231.88,236.79,504700
19/10/2022 00:00:00,233.48,236.31,231.43,233.93,534700
20/10/2022 00:00:00,233.81,234.82,224.645,225.21,768700
21/10/2022 00:00:00,225.2,232.49,221.83,231.87,1030200
24/10/2022 00:00:00,234.46,236.62,230.88,235.27,611800
25/10/2022 00:00:00,235.27,241.93,235.27,241.65,514300
26/10/2022 00:00:00,242.29,244.87,240.18,240.96,385800
27/10/2022 00:00:00,242.95,248.49,242.92,246.65,904400
28/10/2022 00:00:00,250,258.06,248.29,257.08,852600
31/10/2022 00:00:00,255.72,259.87,255,255.3,912900
01/11/2022 00:00:00,257.95,259.26,252.87,255.65,910400
02/11/2022 00:00:00,240.15,248.02,234.06,235.38,2240000
03/11/2022 00:00:00,231.79,245.67,230.9,242.83,1115200
04/11/2022 00:00:00,246.17,249.705,240.305,247.43,1012000
07/11/2022 00:00:00,248.53,251.41,246.45,250.89,764700
08/11/2022 00:00:00,252.46,260.38,251.0775,254.33,763800
09/11/2022 00:00:00,252.6,257.395,252.6,253.45,486100
10/11/2022 00:00:00,265.67,269.975,260.335,265.54,814800
11/11/2022 00:00:00,267.26,275.78,266.11,273.53,1031200
14/11/2022 00:00:00,273.35,278.42,267.15,267.39,1046000
15/11/2022 00:00:00,271.38,273.98,267.24,269.54,751900
16/11/2022 00:00:00,269.24,271.25,262.89,264.31,690400
17/11/2022 00:00:00,260.29,261,253.26,258.67,833300
18/11/2022 00:00:00,262.51,264.86,260.98,264.74,705500
21/11/2022 00:00:00,263.43,266,262.2,263.59,503000
22/11/2022 00:00:00,266.06,269.86,265.675,266.97,459000
23/11/2022 00:00:00,266.96,269.02,265.85,266.61,376800
25/11/2022 00:00:00,266.32,268.25,264.37,264.86,287600
28/11/2022 00:00:00,261.75,264.96,258.85,260.71,461700
29/11/2022 00:00:00,260.71,261.87,257.12,259.63,384300
30/11/2022 00:00:00,258.53,264.83,255.44,264.22,1266400
01/12/2022 00:00:00,265.53,266.79,260.865,266.75,650800
02/12/2022 00:00:00,261.8,266.03,260.215,265.49,887400
05/12/2022 00:00:00,262.67,263.5,258.56,262.67,741900
06/12/2022 00:00:00,263,264.08,255.36,256.77,638000
07/12/2022 00:00:00,256.34,258.7499,253.28,254.77,847600
08/12/2022 00:00:00,255.98,258.26,255.155,257.17,542200
09/12/2022 00:00:00,258,262.4195,256.99,259.81,663800
12/12/2022 00:00:00,257.78,264.61,257.68,264.45,676200
13/12/2022 00:00:00,272.99,276.825,267.06,271.73,1354300
14/12/2022 00:00:00,270.98,273.61,267.88,269.17,1014400
15/12/2022 00:00:00,264.4,264.4,256.33,257.15,685400
16/12/2022 00:00:00,253.14,255.74,249.68,253.07,1460500
19/12/2022 00:00:00,253.29,254.125,248.71,250.66,564600
20/12/2022 00:00:00,250.35,255.559,249.71,254.4,473000
21/12/2022 00:00:00,256.87,262.78,256.01,259.36,642900
22/12/2022 00:00:00,256.71,257.91,251.6833,255.97,449700
23/12/2022 00:00:00,256.5,257.84,254.8313,256.74,297400
27/12/2022 00:00:00,257.51,260.1,255.8001,257.55,290700
28/12/2022 00:00:00,257.72,259.14,254.46,255.19,400700
29/12/2022 00:00:00,258.13,261,257.7959,259.63,299300
30/12/2022 00:00:00,258.08,259.28,255.33,257.57,301500
03/01/2023 00:00:00,259.75,262.41,258.525,261.42,725000
04/01/2023 00:00:00,262.39,263.14,256.02,260.53,792700
05/01/2023 00:00:00,258.76,262.12,255.495,258.58,615900
06/01/2023 00:00:00,262.4,268.831,259.77,267.52,550700
09/01/2023 00:00:00,270.85,274.62,269.26,269.34,692400
10/01/2023 00:00:00,267.78,272.42,267.78,271.66,542300
11/01/2023 00:00:00,272.7,280.1,272.7,280.1,881800
12/01/2023 00:00:00,280.65,283.6,276.35,281.41,733900
13/01/2023 00:00:00,279.03,285.35,279.03,285.24,525000
17/01/2023 00:00:00,284.26,285.965,281.61,282.19,738900
18/01/2023 00:00:00,282.94,283.06,273.72,274.42,729600
19/01/2023 00:00:00,272.17,272.29,265.32,265.32,876600
20/01/2023 00:00:00,267.36,270.03,265.6,270,862100
23/01/2023 00:00:00,272.1,277.19,270.1,275.62,582100
24/01/2023 00:00:00,273.35,278.42,271.15,277.98,688300
25/01/2023 00:00:00,273.56,278.89,272.34,278.08,814200
26/01/2023 00:00:00,293.8,294.21,271.305,281.87,1505300
27/01/2023 00:00:00,282.75,287.28,276.11,286.46,1027700
30/01/2023 00:00:00,283.2,286.89,277.77,278.5,861600
31/01/2023 00:00:00,279.08,282.24,273,282.03,1059100
01/02/2023 00:00:00,279.49,286.18,277.06,282.87,831600
02/02/2023 00:00:00,284.87,292.995,282.81,291.16,999300
03/02/2023 00:00:00,288.03,293.34,287.61,289.96,534700
06/02/2023 00:00:00,286.62,288.58,284.6901,287.72,482900
07/02/2023 00:00:00,287.42,290.15,283.37,289.39,631900
08/02/2023 00:00:00,287.6,289.03,284.07,285.42,663400
09/02/2023 00:00:00,289,290.45,286.56,287.7,536200
10/02/2023 00:00:00,286.33,286.74,282.84,285.18,549500
13/02/2023 00:00:00,286.64,293.79,285.61,293.79,670300
14/02/2023 00:00:00,291.76,294.8,289.115,293.17,610600
15/02/2023 00:00:00,292.61,299.4,292.005,298.05,758800
16/02/2023 00:00:00,293.1,298,292.22,295.88,400400
17/02/2023 00:00:00,293.85,297.835,293.79,297.72,614800
21/02/2023 00:00:00,294.3,295.21,287.95,288.72,679900
22/02/2023 00:00:00,289.74,291.825,286.94,288.94,419800
23/02/2023 00:00:00,291.72,293.33,287.24,291.95,683600
24/02/2023 00:00:00,287.46,291.26,286.78,290.39,293800
27/02/2023 00:00:00,293.5,294.792,292.34,294.39,441000
28/02/2023 00:00:00,293.99,297.87,293.71,294.93,752200
01/03/2023 00:00:00,293.49,297.115,290.85,292.65,495100
02/03/2023 00:00:00,291.68,297.7,290.1,296.54,484200
03/03/2023 00:00:00,297.65,303.2,296.64,302.59,719800
06/03/2023 00:00:00,303.46,307.279,303.24,305.56,621900
07/03/2023 00:00:00,305.57,305.98,298.79,299.33,549600
08/03/2023 00:00:00,299.88,303.09,299.185,302.3,587300
09/03/2023 00:00:00,304.48,309.36,298.31,298.92,772900
10/03/2023 00:00:00,297.87,297.87,286.93,289.07,552200
13/03/2023 00:00:00,284.76,288.59,282.51,286.01,985800
14/03/2023 00:00:00,292.79,297.73,290.54,294.3,794600
15/03/2023 00:00:00,289.41,289.97,271.44,276.66,1125300
16/03/2023 00:00:00,274.52,283.04,272.75,282.02,977300
17/03/2023 00:00:00,277.89,278.3,270.425,272.71,1274400
20/03/2023 00:00:00,274.84,279.03,274.15,278.33,687600
21/03/2023 00:00:00,283.25,285.9,281.36,283.16,824100
22/03/2023 00:00:00,284.02,285.8,277.46,277.63,776900
23/03/2023 00:00:00,280.2,285.173,276.37,278.42,639300
24/03/2023 00:00:00,275.08,278,271.08,277.6,647600
27/03/2023 00:00:00,279.87,280.78,276.04,278.4,572600
28/03/2023 00:00:00,278.68,280.17,277.49,278.78,623000
29/03/2023 00:00:00,281.98,285.63,281.51,284.54,577200
30/03/2023 00:00:00,287,287.86,286.44,287.53,430400
31/03/2023 00:00:00,289.11,293.705,288.67,293.45,594700
03/04/2023 00:00:00,291.17,294.1,288.82,291.29,729500
04/04/2023 00:00:00,291.9,293.14,277.13,278.76,751000
05/04/2023 00:00:00,276.41,278.045,272.62,273.17,790000
06/04/2023 00:00:00,272.18,274.49,270.94,272.15,551700
10/04/2023 00:00:00,271.07,275.27,270.22,275.23,460400
11/04/2023 00:00:00,275.84,278.75,275.33,278.52,610500
12/04/2023 00:00:00,281.81,282.62,278.36,281.12,944800
13/04/2023 00:00:00,280.24,280.62,272.35,278.11,919200
14/04/2023 00:00:00,277.84,281.18,275.305,277.3,666000
17/04/2023 00:00:00,277.81,279.59,276.04,277.84,552700
18/04/2023 00:00:00,279.65,281.11,275.98,276.86,519300
19/04/2023 00:00:00,274.69,275.56,272.7,274.32,551300
20/04/2023 00:00:00,271.54,274.95,270.96,273.83,526300
21/04/2023 00:00:00,275.21,277.02,273.685,275.45,719800
24/04/2023 00:00:00,275.01,277.39,275.01,276.08,548700
25/04/2023 00:00:00,276.16,279.58,274.54,274.93,712300
26/04/2023 00:00:00,272.7,275.61,269.81,270.63,922400
27/04/2023 00:00:00,283.81,283.81,270.3,283.62,2082100
28/04/2023 00:00:00,285,287.485,281.64,283.41,849500
01/05/2023 00:00:00,284.02,286.22,280.68,282.65,803200
02/05/2023 00:00:00,281.65,282.55,275.5,279.02,755700
03/05/2023 00:00:00,280.72,283.58,278.06,278.63,674800
04/05/2023 00:00:00,276.9,280.86,275.28,279.2,782200
05/05/2023 00:00:00,282.61,283.49,279.11,283.42,451600
08/05/2023 00:00:00,284.89,285.81,279.14,281.1,421000
09/05/2023 00:00:00,279.72,282.77,277.65,277.76,601900
10/05/2023 00:00:00,278.04,278.07,267.72,270.09,1243000
11/05/2023 00:00:00,267.55,270.69,266.62,270.49,922600
12/05/2023 00:00:00,271.4,272.08,268.42,271.86,861400
15/05/2023 00:00:00,272.77,275.665,270.87,274.14,509400
16/05/2023 00:00:00,271.42,272.9499,268.87,269.98,504500
17/05/2023 00:00:00,272.68,276.05,271.32,274.63,470500
18/05/2023 00:00:00,275.54,281.505,273.96,281.11,740000
19/05/2023 00:00:00,284.06,284.23,278.21,281.31,686400
22/05/2023 00:00:00,281.6,283.77,279.17,282.47,562400
23/05/2023 00:00:00,280.04,281.87,277.68,278.46,923000
24/05/2023 00:00:00,277,277.655,269.33,270.22,577100
25/05/2023 00:00:00,273.44,275.49,269.81,273.43,714000
26/05/2023 00:00:00,275.14,286.86,274.6677,286.23,905000
30/05/2023 00:00:00,287.94,290.64,284.32,286.79,769700
31/05/2023 00:00:00,284.37,284.85,276.93,278.6,1472000
01/06/2023 00:00:00,278.22,282.87,275.91,280.47,556000
02/06/2023 00:00:00,283.88,294.43,280.53,292.84,768500
05/06/2023 00:00:00,291.9,292.055,288.34,291.71,529900
06/06/2023 00:00:00,291,296.07,289.33,291.99,636100
07/06/2023 00:00:00,293.15,300.09,290.54,299.1,871900
08/06/2023 00:00:00,298.05,303.865,297.3221,302.92,797700
09/06/2023 00:00:00,303.91,306.4,301.12,305.5,878500
12/06/2023 00:00:00,305,309.92,302.79,309.78,738900
13/06/2023 00:00:00,310,315.795,310,315.47,931400
14/06/2023 00:00:00,315.91,317.67,309.41,313.12,718200
15/06/2023 00:00:00,312.07,319.7,310.66,319.41,498300
16/06/2023 00:00:00,321.32,321.94,314.51,315.8,1431700
20/06/2023 00:00:00,313,316.78,310.9407,315.39,598500
21/06/2023 00:00:00,313.32,321.69,312.48,320.75,712900
22/06/2023 00:00:00,318.19,318.8,313.05,314.98,736500
23/06/2023 00:00:00,311.04,315.305,310,313.27,1608700
26/06/2023 00:00:00,313.35,319.685,313.14,318.04,711000
27/06/2023 00:00:00,317.5,324.76,317.25,322.66,604500
28/06/2023 00:00:00,324.25,326.86,314.745,321.21,851600
29/06/2023 00:00:00,320.57,325.24,319.75,324.24,536100
30/06/2023 00:00:00,327.15,331.4,325.44,329.45,617300
03/07/2023 00:00:00,329.45,330.03,326.17,329.47,344300
05/07/2023 00:00:00,326.61,328.76,325.01,327.09,580400
06/07/2023 00:00:00,324.14,325.29,321.78,324.49,581300
07/07/2023 00:00:00,322.49,328.42,321.61,325.38,521900
10/07/2023 00:00:00,325.23,335.86,325.23,335.75,603700
11/07/2023 00:00:00,338.42,341.68,336.78,338.14,747700
12/07/2023 00:00:00,341.48,341.63,338.09,339.55,506500
13/07/2023 00:00:00,340.16,343.6599,337.42,342.46,465700
14/07/2023 00:00:00,341.83,342.39,338.56,341.23,384100
17/07/2023 00:00:00,339.23,343.67,338.51,342.58,554100
18/07/2023 00:00:00,342,348.52,342,346.89,664400
19/07/2023 00:00:00,343.99,345.51,339.01,344,639700
20/07/2023 00:00:00,343.96,344.535,340.54,342.56,823300
21/07/2023 00:00:00,343.6,344,336.77,337.08,654800
24/07/2023 00:00:00,338.29,339.73,336.17,338.13,426400
25/07/2023 00:00:00,336.63,339.545,335.18,337.89,429700
26/07/2023 00:00:00,335.54,336.87,330.03,333.96,676300
27/07/2023 00:00:00,335.47,338.4342,329.78,330.31,799200
28/07/2023 00:00:00,333.1,334.7,329.99,333.3,719000
31/07/2023 00:00:00,336.08,339.65,334.31,336.29,1105400
01/08/2023 00:00:00,304.98,314.1546,300.8892,310.91,2654200
02/08/2023 00:00:00,310.01,311.47,304.07,304.28,1599200
03/08/2023 00:00:00,303.45,305.04,298.245,302.05,1095400
04/08/2023 00:00:00,302.7,303.485,296.8,298.82,737000
07/08/2023 00:00:00,300.85,311.25,300.56,310.46,1017600
08/08/2023 00:00:00,307.22,308.2,304.46,305.55,807900
09/08/2023 00:00:00,305.71,307.03,302.965,303.8,735400
10/08/2023 00:00:00,301.9,304.675,296.66,299.26,1489300
11/08/2023 00:00:00,297.06,298.21,294,296.18,719400
14/08/2023 00:00:00,295.94,299.45,295.39,299.16,467900
15/08/2023 00:00:00,297.62,298.86,295.45,297.66,363400
16/08/2023 00:00:00,298.2,300.39,294.76,295.15,496700
17/08/2023 00:00:00,295.94,296.85,291.48,291.49,512900
18/08/2023 00:00:00,288.82,293.54,287.8979,291.54,435800
21/08/2023 00:00:00,291.82,293.7475,290.48,292.83,418800
22/08/2023 00:00:00,295.16,296.78,291.48,292.64,535600
23/08/2023 00:00:00,294.7,298.83,293.865,297.54,467400
24/08/2023 00:00:00,301,304.6,298.375,298.47,724600
25/08/2023 00:00:00,299.98,304.099,297.045,303.31,663400
28/08/2023 00:00:00,304.79,310.87,304.56,309.05,878200
29/08/2023 00:00:00,309.28,317.74,309.28,317.25,836600
30/08/2023 00:00:00,312,312.72,306.35,309.57,1139900
31/08/2023 00:00:00,310.42,313.88,308.86,312.08,854500
01/09/2023 00:00:00,313.93,314.805,310.44,314.05,880000
05/09/2023 00:00:00,313.92,313.92,306.11,307.2,745100
06/09/2023 00:00:00,307.28,311.76,307.0153,310.48,413200
07/09/2023 00:00:00,306.97,308.78,304.29,304.44,921000
08/09/2023 00:00:00,303.24,304.46,296.77,296.86,866000
11/09/2023 00:00:00,297.87,299.98,292.62,293.89,1055800
12/09/2023 00:00:00,292.01,295.6025,288.79,289.08,931300
13/09/2023 00:00:00,287.6,289.57,284.46,285.47,973200
14/09/2023 00:00:00,288.77,289.96,284.03,287.08,843300
15/09/2023 00:00:00,285.15,289.06,284.07,285.2,1091800
18/09/2023 00:00:00,285.03,292.105,285,288.73,884100
19/09/2023 00:00:00,288.69,289.218,283.82,287.76,666700
20/09/2023 00:00:00,290.17,292.38,284.68,285.17,458100
21/09/2023 00:00:00,283.69,283.9,278.14,278.94,942900
22/09/2023 00:00:00,279.18,283.52,279.09,281.36,727900
25/09/2023 00:00:00,280.23,285.18,279.3,284.42,435700
26/09/2023 00:00:00,281.02,283.225,278.7,279.05,493700
27/09/2023 00:00:00,282.08,287.475,281.47,284.8,816400
28/09/2023 00:00:00,284.14,289.345,283.35,286.41,501000
29/09/2023 00:00:00,290.83,291.715,285.05,285.87,595200
02/10/2023 00:00:00,285.7,289.23,282.13,283.95,631100
03/10/2023 00:00:00,282.7,285.55,281.71,284.32,847300
04/10/2023 00:00:00,284.52,289.849,282.79,288.8,844700
05/10/2023 00:00:00,287.16,290,282.09,286.16,819400
06/10/2023 00:00:00,284.56,292.97,282.15,290.31,555200
09/10/2023 00:00:00,288.36,291.57,285.57,290.47,437900
10/10/2023 00:00:00,291.11,295.91,290.11,291.7,522200
11/10/2023 00:00:00,292.22,300.27,292.22,299.92,680500
12/10/2023 00:00:00,300.85,303.12,296.81,300.03,746300
13/10/2023 00:00:00,298.51,300.9,284.73,288.32,1284300
16/10/2023 00:00:00,291.91,293.86,288.85,291.78,515800
17/10/2023 00:00:00,289.76,295.375,288.28,290.55,638000
18/10/2023 00:00:00,284,285.3,275.54,275.57,1476900
19/10/2023 00:00:00,276.67,277.92,270.04,271.52,971000
20/10/2023 00:00:00,271.33,272.105,265.215,266.06,1120300
23/10/2023 00:00:00,266.82,269.635,265.09,266.85,735400
24/10/2023 00:00:00,269.52,270.37,264.12,265.86,521900
25/10/2023 00:00:00,265,266.5082,261.17,263.32,646800
26/10/2023 00:00:00,264.87,268.05,262.52,262.6,758600
27/10/2023 00:00:00,264.13,264.16,260.61,262,709000
30/10/2023 00:00:00,264.93,264.93,261.02,263.46,769500
31/10/2023 00:00:00,262.69,265.1,261.62,262.81,812600
01/11/2023 00:00:00,264.21,267.15,257.99,266.98,1379000
02/11/2023 00:00:00,255.73,261.45,252.19,258.6,2248700
03/11/2023 00:00:00,261.85,265.44,259.74,263.7,1460800
06/11/2023 00:00:00,263.7,264.31,256.51,258.5,1195700
07/11/2023 00:00:00,257.63,260.06,256.26,257.02,1383100
08/11/2023 00:00:00,257.97,261.88,255.82,257.12,1059000
09/11/2023 00:00:00,259.06,259.42,255.34,257.11,1001100
10/11/2023 00:00:00,256.95,259.275,254.08,258.43,1125500
13/11/2023 00:00:00,257.64,263.23,257.4548,261.36,987700
14/11/2023 00:00:00,268.78,270.69,266.17,267.55,983300
15/11/2023 00:00:00,268.96,273.84,268.12,270.17,1040300
16/11/2023 00:00:00,271.24,277.42,270.17,272.78,964700
17/11/2023 00:00:00,275,275.5,272.3315,275.26,653000
20/11/2023 00:00:00,270.92,272.7868,269.895,271.12,1292100
21/11/2023 00:00:00,270,271.275,269.26,269.39,1090900
22/11/2023 00:00:00,270,274.84,269.55,272.8,1034200
24/11/2023 00:00:00,272.3,274.09,272.03,273,315400
27/11/2023 00:00:00,272.54,274.5,270.34,271.06,1054600
28/11/2023 00:00:00,270.62,271.31,268.37,269.25,1109300
29/11/2023 00:00:00,272.5,272.97,268.9,270.56,888400
30/11/2023 00:00:00,272.45,275.78,270.64,275.44,1896300
01/12/2023 00:00:00,275.69,281.5,275.575,281.47,1086700
04/12/2023 00:00:00,278.3,283.16,277.97,279.5,963200
05/12/2023 00:00:00,278,279.31,274.305,275,614800
06/12/2023 00:00:00,276.74,281.5,276.44,278.11,936300
07/12/2023 00:00:00,279.25,279.3895,276.285,277.89,490900
08/12/2023 00:00:00,277.61,280.6,276.69,278.53,741000
11/12/2023 00:00:00,279.31,284.265,278.62,279.79,736300
12/12/2023 00:00:00,280.71,285.51,279.48,283.69,838300
13/12/2023 00:00:00,284.3,291.265,282.79,290.97,979500
14/12/2023 00:00:00,295,307.1881,292.77,306.85,1638400
15/12/2023 00:00:00,306.17,309.79,303.805,304.37,1710100
18/12/2023 00:00:00,304.74,306.83,301.79,305.3,536000
19/12/2023 00:00:00,310.58,312.37,309.5,310.48,629500
20/12/2023 00:00:00,309.51,310.88,303.43,303.56,470300
21/12/2023 00:00:00,306.24,307.24,303.74,306.75,501000
22/12/2023 00:00:00,309.36,310.69,306.11,307.78,311500
26/12/2023 00:00:00,309.12,311.8,308.765,311.04,407500
27/12/2023 00:00:00,311.66,312.755,310.31,311.22,310600
28/12/2023 00:00:00,309.78,311.29,308.93,310.62,331900
29/12/2023 00:00:00,310.24,312.55,308.22,310.48,325900
02/01/2024 00:00:00,307.28,310,304.98,306.38,415000
03/01/2024 00:00:00,307.3,308.66,303.06,303.86,823600
04/01/2024 00:00:00,303.78,307.7,303.475,304.67,753900
05/01/2024 00:00:00,302.12,306.05,300.96,305.05,635200
08/01/2024 00:00:00,305.22,306.82,303.1567,306.06,549400
09/01/2024 00:00:00,304.04,305.76,302.36,302.97,578400
10/01/2024 00:00:00,302.8,304.3,301.17,302.07,689200
11/01/2024 00:00:00,302.95,305.62,299.77,305.1,703300
12/01/2024 00:00:00,307.35,307.65,302.29,304.59,455100
16/01/2024 00:00:00,302.94,302.94,297.61,298.38,563300
17/01/2024 00:00:00,295.37,296.55,293.52,295.38,575000
18/01/2024 00:00:00,296.49,300.45,296.49,300.15,529100
19/01/2024 00:00:00,301.39,305,298.38,303.45,604500
22/01/2024 00:00:00,304.17,306.9323,304.08,305.64,562600
23/01/2024 00:00:00,306.8,307.32,303.57,304.27,427200
24/01/2024 00:00:00,307.3,307.3,300.32,300.35,543600
25/01/2024 00:00:00,303.29,306.98,303.2244,304.24,546400
26/01/2024 00:00:00,305.76,306.31,302.45,303,385500
29/01/2024 00:00:00,301.7,304.84,300.61,304.62,534600
30/01/2024 00:00:00,302.97,307.706,301.4101,307.22,759500
31/01/2024 00:00:00,272.27,272.715,252.11,253.28,6465900
01/02/2024 00:00:00,258,265.31,257.58,263.01,2079500
02/02/2024 00:00:00,261.75,270.935,259.59,268.01,1710100