Date,Open,High,Low,Close,Volume 
30/01/2024 10:31:00,305.63,305.645,305.482,305.62,3000
30/01/2024 10:32:00,305.62,305.62,305.49,305.555,1000
30/01/2024 10:33:00,305.72,305.72,305.56,305.56,400
30/01/2024 10:34:00,305.56,305.56,305.56,305.56,100
30/01/2024 10:35:00,305.56,305.56,305.56,305.56,900
30/01/2024 10:36:00,305.56,305.8014,305.56,305.8014,900
30/01/2024 10:37:00,305.8014,305.84,305.67,305.78,2000
30/01/2024 10:38:00,305.78,305.785,305.66,305.72,3000
30/01/2024 10:39:00,305.72,305.7496,305.72,305.725,600
30/01/2024 10:40:00,305.715,305.715,305.71,305.71,1300
30/01/2024 10:41:00,305.71,305.74,305.58,305.58,1500
30/01/2024 10:42:00,305.58,305.59,305.49,305.555,1700
30/01/2024 10:43:00,305.555,305.91,305.555,305.9,2600
30/01/2024 10:44:00,305.895,306.185,305.895,306.185,4100
30/01/2024 10:45:00,306.185,306.185,305.94,306.13,1900
30/01/2024 10:46:00,306.13,306.18,306.13,306.18,400
30/01/2024 10:47:00,306.18,306.18,306.045,306.045,1800
30/01/2024 10:48:00,306.045,306.16,306.045,306.16,300
30/01/2024 10:49:00,306.16,306.16,306.16,306.16,100
30/01/2024 10:50:00,306.16,306.2684,306.16,306.2684,600
30/01/2024 10:51:00,306.2684,306.2684,306.1325,306.17,1200
30/01/2024 10:52:00,306.17,306.17,306.02,306.14,4100
30/01/2024 10:53:00,306.14,306.14,306.11,306.11,100
30/01/2024 10:54:00,306.11,306.24,306.11,306.24,1300
30/01/2024 10:55:00,306.24,306.24,305.915,306.06,2700
30/01/2024 10:56:00,306.21,306.21,306.03,306.115,1500
30/01/2024 10:57:00,306.115,306.34,306.0201,306.34,5300
30/01/2024 10:58:00,306.34,306.34,306.34,306.34,100
30/01/2024 10:59:00,306.34,306.5682,306.34,306.55,700
30/01/2024 11:00:00,306.55,306.63,306.5,306.63,2800
30/01/2024 11:01:00,306.63,307.06,306.63,306.8,1600
30/01/2024 11:02:00,306.8,306.915,306.42,306.69,18800
30/01/2024 11:03:00,306.69,306.9,306.69,306.8875,1600
30/01/2024 11:04:00,306.8875,306.8875,306.5962,306.68,800
30/01/2024 11:05:00,306.69,306.69,306.69,306.69,600
30/01/2024 11:06:00,306.69,307.02,306.535,307.02,2500
30/01/2024 11:07:00,307.02,307.035,307.02,307.035,700
30/01/2024 11:08:00,307.035,307.035,306.9,306.9,1500
30/01/2024 11:09:00,306.97,306.975,306.97,306.975,500
30/01/2024 11:10:00,306.975,306.975,306.975,306.975,1300
30/01/2024 11:11:00,306.975,307.15,306.975,307.08,1600
30/01/2024 11:12:00,307.08,307.08,307.08,307.08,0
30/01/2024 11:13:00,307.08,307.18,307.08,307.18,700
30/01/2024 11:14:00,307.06,307.07,306.8125,306.905,2900
30/01/2024 11:15:00,306.905,306.905,306.79,306.79,500
30/01/2024 11:16:00,306.79,306.805,306.79,306.805,500
30/01/2024 11:17:00,306.805,306.805,306.805,306.805,0
30/01/2024 11:18:00,306.805,307.025,306.805,306.945,2100
30/01/2024 11:19:00,306.945,306.945,306.945,306.945,400
30/01/2024 11:20:00,306.945,307.09,306.945,307.05,1100
30/01/2024 11:21:00,307.05,307.18,307.05,307.1526,1600
30/01/2024 11:22:00,307.1526,307.3,307.1526,307.205,1900
30/01/2024 11:23:00,307.205,307.41,307.205,307.375,3200
30/01/2024 11:24:00,307.375,307.39,307.295,307.39,1000
30/01/2024 11:25:00,307.39,307.55,307.37,307.55,1100
30/01/2024 11:26:00,307.55,307.55,307.365,307.365,700
30/01/2024 11:27:00,307.365,307.55,307.365,307.55,1700
30/01/2024 11:28:00,307.64,307.67,307.52,307.54,4000
30/01/2024 11:29:00,307.54,307.54,307.37,307.49,1000
30/01/2024 11:30:00,307.49,307.65,307.49,307.65,1300
30/01/2024 11:31:00,307.65,307.65,307.365,307.49,1700
30/01/2024 11:32:00,307.49,307.706,307.49,307.706,400
30/01/2024 11:33:00,307.706,307.706,307.5469,307.5469,600
30/01/2024 11:34:00,307.5469,307.5469,307.43,307.47,1400
30/01/2024 11:35:00,307.47,307.47,307.4231,307.4231,1400
30/01/2024 11:36:00,307.4231,307.445,307.4231,307.445,1000
30/01/2024 11:37:00,307.445,307.51,307.41,307.51,500
30/01/2024 11:38:00,307.51,307.51,307.4337,307.4337,900
30/01/2024 11:39:00,307.4337,307.4337,307.36,307.4,1400
30/01/2024 11:40:00,307.4,307.4,307.37,307.37,800
30/01/2024 11:41:00,307.37,307.555,307.37,307.555,900
30/01/2024 11:42:00,307.555,307.555,307.54,307.54,900
30/01/2024 11:43:00,307.54,307.65,307.54,307.64,1400
30/01/2024 11:44:00,307.64,307.64,307.5725,307.5725,800
30/01/2024 11:45:00,307.5725,307.5725,307.32,307.455,2700
30/01/2024 11:46:00,307.455,307.4702,307.34,307.47,900
30/01/2024 11:47:00,307.47,307.47,307.47,307.47,100
30/01/2024 11:48:00,307.47,307.47,307.445,307.445,200
30/01/2024 11:49:00,307.485,307.485,307.4075,307.43,2500
30/01/2024 11:50:00,307.555,307.6,307.49,307.59,800
30/01/2024 11:51:00,307.59,307.59,307.59,307.59,300
30/01/2024 11:52:00,307.59,307.59,307.535,307.535,700
30/01/2024 11:53:00,307.535,307.63,307.475,307.63,2000
30/01/2024 11:54:00,307.63,307.68,307.63,307.68,200
30/01/2024 11:55:00,307.68,307.68,307.68,307.68,200
30/01/2024 11:56:00,307.68,307.68,307.68,307.68,300
30/01/2024 11:57:00,307.68,307.7,307.68,307.7,200
30/01/2024 11:58:00,307.7,307.7,307.7,307.7,0
30/01/2024 11:59:00,307.7,307.7,307.57,307.57,600
30/01/2024 12:00:00,307.57,307.575,307.5,307.5,1400
30/01/2024 12:01:00,307.5,307.5,307.5,307.5,100
30/01/2024 12:02:00,307.5,307.51,307.5,307.51,300
30/01/2024 12:03:00,307.51,307.565,307.18,307.18,2600
30/01/2024 12:04:00,307.18,307.32,307.18,307.32,800
30/01/2024 12:05:00,307.32,307.32,307.32,307.32,300
30/01/2024 12:06:00,307.32,307.35,307.21,307.21,1500
30/01/2024 12:07:00,307.21,307.21,307.2,307.2,300
30/01/2024 12:08:00,307.1788,307.24,307.1788,307.24,1400
30/01/2024 12:09:00,307.24,307.31,307.24,307.31,1000
30/01/2024 12:10:00,307.31,307.31,307.12,307.12,800
30/01/2024 12:11:00,307.12,307.12,306.925,306.93,800
30/01/2024 12:12:00,306.93,306.93,306.93,306.93,200
30/01/2024 12:13:00,306.93,306.93,306.78,306.78,300
30/01/2024 12:14:00,306.78,306.78,306.78,306.78,500
30/01/2024 12:15:00,306.71,306.86,306.71,306.83,1700
30/01/2024 12:16:00,306.83,306.83,306.58,306.58,600
30/01/2024 12:17:00,306.58,306.58,306.4129,306.4129,400
30/01/2024 12:18:00,306.4129,306.62,306.37,306.62,2100
30/01/2024 12:19:00,306.62,306.695,306.62,306.695,400
30/01/2024 12:20:00,306.695,306.695,306.695,306.695,400
30/01/2024 12:21:00,306.695,306.695,306.695,306.695,0
30/01/2024 12:22:00,306.615,306.97,306.615,306.97,2400
30/01/2024 12:23:00,306.97,306.97,306.97,306.97,0
30/01/2024 12:24:00,306.97,306.97,306.85,306.85,1100
30/01/2024 12:25:00,306.85,306.85,306.85,306.85,100
30/01/2024 12:26:00,306.85,306.85,306.83,306.83,200
30/01/2024 12:27:00,306.83,306.83,306.83,306.83,200
30/01/2024 12:28:00,306.83,306.96,306.75,306.785,1100
30/01/2024 12:29:00,306.785,306.785,306.785,306.785,1300
30/01/2024 12:30:00,307.06,307.06,307.06,307.06,200
30/01/2024 12:31:00,307.06,307.06,306.87,306.87,2900
30/01/2024 12:32:00,306.87,307.19,306.87,307.19,300
30/01/2024 12:33:00,307.19,307.19,307.12,307.12,200
30/01/2024 12:34:00,307.12,307.12,306.84,307.01,1200
30/01/2024 12:35:00,307.01,307.01,306.9,306.9,400
30/01/2024 12:36:00,306.9,306.9,306.81,306.81,700
30/01/2024 12:37:00,306.81,306.81,306.685,306.685,1100
30/01/2024 12:38:00,306.685,306.685,306.6,306.61,1100
30/01/2024 12:39:00,306.74,306.93,306.74,306.845,1600
30/01/2024 12:40:00,306.845,306.91,306.815,306.815,1800
30/01/2024 12:41:00,306.815,306.815,306.815,306.815,0
30/01/2024 12:42:00,306.815,306.815,306.62,306.62,300
30/01/2024 12:43:00,306.62,306.62,306.585,306.585,200
30/01/2024 12:44:00,306.585,306.585,306.41,306.41,200
30/01/2024 12:45:00,306.41,306.41,306.41,306.41,300
30/01/2024 12:46:00,306.41,306.47,306.38,306.38,300
30/01/2024 12:47:00,306.38,306.5,306.38,306.5,1200
30/01/2024 12:48:00,306.5,306.67,306.49,306.58,3300
30/01/2024 12:49:00,306.58,306.67,306.52,306.52,900
30/01/2024 12:50:00,306.52,306.52,306.51,306.51,300
30/01/2024 12:51:00,306.51,306.55,306.41,306.41,1600
30/01/2024 12:52:00,306.41,306.41,306.41,306.41,200
30/01/2024 12:53:00,306.41,306.54,306.4,306.4,300
30/01/2024 12:54:00,306.4,306.4,306.4,306.4,200
30/01/2024 12:55:00,306.4,306.42,306.4,306.42,300
30/01/2024 12:56:00,306.42,306.54,306.42,306.43,800
30/01/2024 12:57:00,306.43,306.5173,306.43,306.5173,200
30/01/2024 12:58:00,306.5173,306.5173,306.33,306.35,2000
30/01/2024 12:59:00,306.35,306.35,306.17,306.17,1200
30/01/2024 13:00:00,306.17,306.17,306.15,306.16,500
30/01/2024 13:01:00,306.16,306.16,306.16,306.16,100
30/01/2024 13:02:00,306.16,306.17,306.16,306.17,200
30/01/2024 13:03:00,306.17,306.17,305.96,306.02,600
30/01/2024 13:04:00,306.02,306.04,306.02,306.04,400
30/01/2024 13:05:00,306.04,306.2,306.04,306.2,1800
30/01/2024 13:06:00,306.2,306.2,306.19,306.19,400
30/01/2024 13:07:00,306.19,306.36,306.19,306.36,1100
30/01/2024 13:08:00,306.36,306.365,306.295,306.365,700
30/01/2024 13:09:00,306.365,306.365,306.365,306.365,200
30/01/2024 13:10:00,306.365,306.365,306.16,306.16,1400
30/01/2024 13:11:00,306.16,306.265,306.16,306.265,100
30/01/2024 13:12:00,306.265,306.265,306.2,306.2,300
30/01/2024 13:13:00,306.2,306.28,306.2,306.28,200
30/01/2024 13:14:00,306.28,306.28,306.28,306.28,500
30/01/2024 13:15:00,306.28,306.28,306.2025,306.275,500
30/01/2024 13:16:00,306.275,306.41,306.27,306.27,1400
30/01/2024 13:17:00,306.26,306.41,306.26,306.41,1800
30/01/2024 13:18:00,306.41,306.46,306.395,306.395,300
30/01/2024 13:19:00,306.52,306.575,306.4849,306.575,500
30/01/2024 13:20:00,306.575,306.6,306.51,306.56,700
30/01/2024 13:21:00,306.56,306.605,306.515,306.605,1300
30/01/2024 13:22:00,306.605,306.725,306.605,306.725,2300
30/01/2024 13:23:00,306.725,306.725,306.56,306.56,900
30/01/2024 13:24:00,306.56,306.56,306.48,306.48,600
30/01/2024 13:25:00,306.48,306.48,306.48,306.48,100
30/01/2024 13:26:00,306.48,306.48,306.48,306.48,500
30/01/2024 13:27:00,306.48,306.58,306.48,306.58,1100
30/01/2024 13:28:00,306.58,306.73,306.58,306.73,1100
30/01/2024 13:29:00,306.73,306.8171,306.73,306.735,700
30/01/2024 13:30:00,306.735,306.81,306.735,306.77,800
30/01/2024 13:31:00,306.77,306.825,306.77,306.825,1000
30/01/2024 13:32:00,306.825,306.825,306.825,306.825,100
30/01/2024 13:33:00,306.825,306.88,306.745,306.88,800
30/01/2024 13:34:00,306.88,306.91,306.88,306.91,300
30/01/2024 13:35:00,306.91,306.99,306.91,306.99,400
30/01/2024 13:36:00,306.99,307.01,306.99,307.01,600
30/01/2024 13:37:00,307.01,307.01,306.82,306.82,1700
30/01/2024 13:38:00,306.845,306.89,306.845,306.89,800
30/01/2024 13:39:00,306.89,306.895,306.89,306.895,500
30/01/2024 13:40:00,306.895,307.09,306.895,306.93,1100
30/01/2024 13:41:00,306.93,307.09,306.93,307.09,500
30/01/2024 13:42:00,307.09,307.17,307.09,307.17,200
30/01/2024 13:43:00,307.17,307.185,307.05,307.185,2100
30/01/2024 13:44:00,307.185,307.185,306.98,307.12,1400
30/01/2024 13:45:00,307.12,307.17,307.12,307.17,500
30/01/2024 13:46:00,307.17,307.17,307.13,307.13,200
30/01/2024 13:47:00,307.14,307.25,307.12,307.25,1700
30/01/2024 13:48:00,307.25,307.3,307.25,307.3,400
30/01/2024 13:49:00,307.3,307.455,307.16,307.16,1400
30/01/2024 13:50:00,307.16,307.16,307.08,307.08,1200
30/01/2024 13:51:00,307.08,307.08,307.08,307.08,100
30/01/2024 13:52:00,307.08,307.08,307.08,307.08,100
30/01/2024 13:53:00,307.08,307.095,306.99,307.095,1300
30/01/2024 13:54:00,307.095,307.095,307.025,307.025,800
30/01/2024 13:55:00,307.025,307.085,306.98,306.98,500
30/01/2024 13:56:00,306.98,307.085,306.98,307.085,700
30/01/2024 13:57:00,307.085,307.15,306.99,307.12,1200
30/01/2024 13:58:00,307.12,307.12,307.06,307.06,300
30/01/2024 13:59:00,307.06,307.06,306.865,306.97,2400
30/01/2024 14:00:00,306.97,307.04,306.97,307.04,1400
30/01/2024 14:01:00,307.0677,307.0677,307.0677,307.0677,300
30/01/2024 14:02:00,307.0677,307.2199,307.04,307.2199,1800
30/01/2024 14:03:00,307.2199,307.2199,307.095,307.1903,500
30/01/2024 14:04:00,307.1903,307.1903,306.91,306.96,1900
30/01/2024 14:05:00,306.96,306.96,306.96,306.96,100
30/01/2024 14:06:00,306.96,306.96,306.96,306.96,200
30/01/2024 14:07:00,306.96,306.96,306.96,306.96,0
30/01/2024 14:08:00,306.96,307.11,306.96,307.11,500
30/01/2024 14:09:00,307.11,307.11,306.91,307.04,6400
30/01/2024 14:10:00,307.04,307.04,307.04,307.04,500
30/01/2024 14:11:00,307.04,307.088,306.93,306.93,1500
30/01/2024 14:12:00,306.93,307.02,306.88,306.88,1300
30/01/2024 14:13:00,306.88,306.935,306.88,306.935,400
30/01/2024 14:14:00,306.935,306.935,306.935,306.935,300
30/01/2024 14:15:00,306.935,306.935,306.935,306.935,300
30/01/2024 14:16:00,306.935,307.02,306.935,307.02,300
30/01/2024 14:17:00,307.02,307.17,306.97,307.08,3200
30/01/2024 14:18:00,307.08,307.08,306.895,306.895,700
30/01/2024 14:19:00,306.895,306.895,306.895,306.895,700
30/01/2024 14:20:00,306.895,306.895,306.895,306.895,600
30/01/2024 14:21:00,307.115,307.115,307.0978,307.105,500
30/01/2024 14:22:00,307.105,307.105,307.105,307.105,400
30/01/2024 14:23:00,307.105,307.205,307.105,307.15,1500
30/01/2024 14:24:00,307.15,307.295,307.15,307.28,700
30/01/2024 14:25:00,307.28,307.28,307.28,307.28,200
30/01/2024 14:26:00,307.28,307.29,307.28,307.29,200
30/01/2024 14:27:00,307.29,307.29,307.29,307.29,300
30/01/2024 14:28:00,307.29,307.3,307.29,307.3,200
30/01/2024 14:29:00,307.3,307.3,307.3,307.3,300
30/01/2024 14:30:00,307.3,307.37,307.27,307.37,700
30/01/2024 14:31:00,307.37,307.37,307.17,307.21,2900
30/01/2024 14:32:00,307.21,307.33,307.21,307.23,900
30/01/2024 14:33:00,307.23,307.23,307.17,307.17,400
30/01/2024 14:34:00,307.17,307.17,307.17,307.17,500
30/01/2024 14:35:00,307.17,307.17,307.0383,307.0383,2000
30/01/2024 14:36:00,307.0383,307.12,307,307,3900
30/01/2024 14:37:00,307,307.115,307,307.115,300
30/01/2024 14:38:00,307.115,307.115,307.04,307.1,2200
30/01/2024 14:39:00,307.1,307.125,307.1,307.125,300
30/01/2024 14:40:00,307.125,307.125,307.11,307.125,700
30/01/2024 14:41:00,307.125,307.29,307.07,307.29,1100
30/01/2024 14:42:00,307.29,307.29,307.29,307.29,200
30/01/2024 14:43:00,307.29,307.35,307.27,307.33,700
30/01/2024 14:44:00,307.33,307.38,307.33,307.38,200
30/01/2024 14:45:00,307.38,307.38,307.38,307.38,300
30/01/2024 14:46:00,307.38,307.38,307.25,307.26,500
30/01/2024 14:47:00,307.26,307.26,307.26,307.26,200
30/01/2024 14:48:00,307.26,307.32,307.2,307.32,700
30/01/2024 14:49:00,307.32,307.36,307.27,307.36,1200
30/01/2024 14:50:00,307.36,307.4,307.36,307.39,1500
30/01/2024 14:51:00,307.39,307.39,307.26,307.26,3500
30/01/2024 14:52:00,307.26,307.26,307.26,307.26,100
30/01/2024 14:53:00,307.26,307.35,307.26,307.35,400
30/01/2024 14:54:00,307.35,307.35,307.27,307.31,2100
30/01/2024 14:55:00,307.31,307.31,307.19,307.19,1200
30/01/2024 14:56:00,307.19,307.245,307.19,307.245,600
30/01/2024 14:57:00,307.245,307.245,307.245,307.245,300
30/01/2024 14:58:00,307.245,307.31,307.245,307.31,500
30/01/2024 14:59:00,307.31,307.46,307.31,307.46,3600
30/01/2024 15:00:00,307.46,307.46,307.28,307.28,1000
30/01/2024 15:01:00,307.28,307.28,307.24,307.24,800
30/01/2024 15:02:00,307.24,307.32,307.24,307.31,800
30/01/2024 15:03:00,307.31,307.31,307.3,307.3,600
30/01/2024 15:04:00,307.3,307.3,307.19,307.19,700
30/01/2024 15:05:00,307.19,307.26,306.95,306.95,2000
30/01/2024 15:06:00,306.95,306.95,306.71,306.71,1200
30/01/2024 15:07:00,306.71,306.74,306.645,306.735,2000
30/01/2024 15:08:00,306.735,306.83,306.735,306.75,1500
30/01/2024 15:09:00,306.75,306.75,306.63,306.63,1700
30/01/2024 15:10:00,306.63,306.7567,306.63,306.7567,300
30/01/2024 15:11:00,306.7567,306.7567,306.59,306.64,1200
30/01/2024 15:12:00,306.64,306.64,306.61,306.63,500
30/01/2024 15:13:00,306.63,306.63,306.63,306.63,500
30/01/2024 15:14:00,306.63,306.63,306.55,306.55,1800
30/01/2024 15:15:00,306.55,306.57,306.55,306.57,1300
30/01/2024 15:16:00,306.39,306.39,306.39,306.39,500
30/01/2024 15:17:00,306.39,306.55,306.39,306.425,2300
30/01/2024 15:18:00,306.425,306.53,306.425,306.53,1800
30/01/2024 15:19:00,306.5155,306.64,306.48,306.63,2000
30/01/2024 15:20:00,306.63,306.63,306.485,306.54,2100
30/01/2024 15:21:00,306.54,306.6318,306.54,306.6318,600
30/01/2024 15:22:00,306.68,306.795,306.68,306.795,6500
30/01/2024 15:23:00,306.795,306.795,306.71,306.72,1900
30/01/2024 15:24:00,306.72,306.72,306.72,306.72,0
30/01/2024 15:25:00,306.72,306.795,306.72,306.795,400
30/01/2024 15:26:00,306.795,306.795,306.67,306.71,2200
30/01/2024 15:27:00,306.71,306.87,306.71,306.8,1800
30/01/2024 15:28:00,306.8,306.95,306.8,306.895,1800
30/01/2024 15:29:00,306.895,307.13,306.895,307.13,700
30/01/2024 15:30:00,307.13,307.13,307.13,307.13,300
30/01/2024 15:31:00,307.13,307.165,307.13,307.165,500
30/01/2024 15:32:00,307.165,307.165,307.07,307.135,1500
30/01/2024 15:33:00,307.135,307.135,307.12,307.12,500
30/01/2024 15:34:00,307.12,307.12,307.12,307.12,700
30/01/2024 15:35:00,307.12,307.16,307.055,307.06,4100
30/01/2024 15:36:00,307.06,307.06,306.94,306.96,5800
30/01/2024 15:37:00,306.96,306.96,306.91,306.95,2500
30/01/2024 15:38:00,306.95,306.955,306.87,306.87,1600
30/01/2024 15:39:00,306.87,306.96,306.87,306.88,2900
30/01/2024 15:40:00,306.88,307.04,306.88,307.04,1600
30/01/2024 15:41:00,307.04,307.04,306.85,306.91,3000
30/01/2024 15:42:00,306.91,307.0292,306.87,307.0292,3600
30/01/2024 15:43:00,307.0292,307.1,306.99,306.99,2100
30/01/2024 15:44:00,306.99,307.22,306.99,307.22,3100
30/01/2024 15:45:00,307.22,307.25,307.16,307.17,3400
30/01/2024 15:46:00,307.17,307.2,307.13,307.13,3300
30/01/2024 15:47:00,307.13,307.16,306.95,307.0075,7800
30/01/2024 15:48:00,307.0075,307.02,306.9,306.95,4200
30/01/2024 15:49:00,306.95,307.12,306.89,307.095,4300
30/01/2024 15:50:00,307.095,307.17,307.095,307.125,6500
30/01/2024 15:51:00,307.125,307.26,306.92,306.98,9200
30/01/2024 15:52:00,307.02,307.02,306.8801,306.8801,2700
30/01/2024 15:53:00,306.8801,307.08,306.8801,307.06,7000
30/01/2024 15:54:00,307.06,307.06,306.805,306.85,12700
30/01/2024 15:55:00,306.88,306.89,306.79,306.81,7000
30/01/2024 15:56:00,306.81,306.9,306.66,306.7,10600
30/01/2024 15:57:00,306.7,307.12,306.65,307,14200
30/01/2024 15:58:00,307,307.18,306.96,307.02,15100
30/01/2024 15:59:00,307.02,307.17,306.99,307.17,16400
30/01/2024 16:00:00,307.17,307.44,307.14,307.14,25700
31/01/2024 09:31:00,263.9,265.37,261.76,263.73,2200
31/01/2024 09:32:00,263.73,266.085,263.73,266.085,1200
31/01/2024 09:33:00,266.085,266.085,265.49,265.49,400
31/01/2024 09:34:00,265.59,269.58,264.54,269.58,22600
31/01/2024 09:35:00,269.58,272.715,269.58,271.415,7800
31/01/2024 09:36:00,271.415,272.69,265.6,265.6,135700
31/01/2024 09:37:00,265.6,268.07,265,266.26,110100
31/01/2024 09:38:00,266.26,266.275,262.5069,263.9325,56500
31/01/2024 09:39:00,263.9325,265.57,262.31,263.17,36300
31/01/2024 09:40:00,263.17,264.34,262.865,264.05,48400
31/01/2024 09:41:00,264.05,264.05,261.84,261.99,33800
31/01/2024 09:42:00,261.99,262.625,260.5,261.19,47000
31/01/2024 09:43:00,261.54,263.5,261,263.07,25600
31/01/2024 09:44:00,263.07,263.41,261.22,261.7,25400
31/01/2024 09:45:00,261.7,263.02,261.1762,262.66,88000
31/01/2024 09:46:00,262.66,263.02,260.5,260.8025,29300
31/01/2024 09:47:00,260.8025,261.35,260.26,260.9455,18400
31/01/2024 09:48:00,260.9455,261.175,260.665,260.935,19900
31/01/2024 09:49:00,260.935,260.935,259,259.99,35900
31/01/2024 09:50:00,259.99,260.675,259.8006,260.23,24000
31/01/2024 09:51:00,260.23,260.46,259.93,260.225,12800
31/01/2024 09:52:00,260.225,261.11,260.19,260.98,14900
31/01/2024 09:53:00,261.095,261.11,260.1101,260.36,15000
31/01/2024 09:54:00,260.36,260.85,260.02,260.5,19500
31/01/2024 09:55:00,260.5,260.5,260,260.3706,21000
31/01/2024 09:56:00,260.3706,261.53,260,260.967,40700
31/01/2024 09:57:00,260.967,262.53,260.88,261.585,72400
31/01/2024 09:58:00,261.585,261.98,260.85,261.6,19200
31/01/2024 09:59:00,261.6,263.09,261.582,262.58,8900
31/01/2024 10:00:00,262.58,264.775,262.58,264.62,25100
31/01/2024 10:01:00,264.62,265.95,264.35,265.63,27500
31/01/2024 10:02:00,265.63,267.96,265.37,267.87,18000
31/01/2024 10:03:00,267.9165,268.5,266.88,267.01,36400
31/01/2024 10:04:00,267.01,267.02,265.81,265.81,16300
31/01/2024 10:05:00,265.81,267.56,264.9132,267.55,19000
31/01/2024 10:06:00,267.55,267.555,265.68,266.16,83300
31/01/2024 10:07:00,266.22,266.72,266,266.515,85900
31/01/2024 10:08:00,266.515,266.77,266.19,266.76,13800
31/01/2024 10:09:00,266.56,267.79,265.3,265.3,16000
31/01/2024 10:10:00,265.3,266.97,265.11,266.97,10100
31/01/2024 10:11:00,266.81,267.56,266.74,267.285,14900
31/01/2024 10:12:00,267.285,268.105,267.17,268.0181,21100
31/01/2024 10:13:00,268.0181,268.09,265.92,265.92,14500
31/01/2024 10:14:00,265.92,266.57,265.76,266.285,8000
31/01/2024 10:15:00,266.285,266.285,264.321,264.321,22400
31/01/2024 10:16:00,264.321,265.0398,264.02,264.8726,13200
31/01/2024 10:17:00,264.8726,264.97,264.051,264.385,13700
31/01/2024 10:18:00,264.385,264.96,264.385,264.57,12000
31/01/2024 10:19:00,264.57,265.1,264.41,264.57,10800
31/01/2024 10:20:00,264.57,264.65,262.26,263.23,14100
31/01/2024 10:21:00,263.23,264.38,263.23,263.4001,9500
31/01/2024 10:22:00,263.4001,264.14,262.81,263.45,10300
31/01/2024 10:23:00,263.45,263.8,263.27,263.43,4600
31/01/2024 10:24:00,263.43,263.4799,263.08,263.33,7300
31/01/2024 10:25:00,263.33,263.46,262.55,263.2402,6300
31/01/2024 10:26:00,263.2402,264.05,263.2402,264.05,9400
31/01/2024 10:27:00,264.05,265.48,264.05,265.25,12700
31/01/2024 10:28:00,265,265.2999,264.45,264.45,7100
31/01/2024 10:29:00,264.45,264.7414,264.31,264.31,6300
31/01/2024 10:30:00,264.31,264.33,263.16,263.37,6900
31/01/2024 10:31:00,263.37,263.75,263.225,263.225,6100
31/01/2024 10:32:00,263.225,263.5,262.68,263.5,9900
31/01/2024 10:33:00,263.5,263.5,262.86,263.17,9600
31/01/2024 10:34:00,263.17,263.2603,262.91,262.91,11100
31/01/2024 10:35:00,262.91,263,262.2,262.24,9400
31/01/2024 10:36:00,262.21,262.7538,261.391,262.52,16500
31/01/2024 10:37:00,262.52,263.0729,262.42,262.835,11400
31/01/2024 10:38:00,262.835,262.835,262.12,262.12,7500
31/01/2024 10:39:00,262.19,262.52,262.025,262.52,5800
31/01/2024 10:40:00,262.52,262.52,262.05,262.245,5000
31/01/2024 10:41:00,262.245,262.27,262.19,262.19,2100
31/01/2024 10:42:00,262.19,262.34,262.07,262.325,5600
31/01/2024 10:43:00,262.325,262.43,261.24,261.24,27300
31/01/2024 10:44:00,261.24,262.29,261.24,262.045,10200
31/01/2024 10:45:00,262.045,262.045,261.65,261.7301,28400
31/01/2024 10:46:00,261.7301,262.01,261.66,261.75,5900
31/01/2024 10:47:00,261.75,261.75,261.34,261.37,7400
31/01/2024 10:48:00,261.37,261.5,261.02,261.158,5700
31/01/2024 10:49:00,261.158,261.3,260.89,261.2293,7500
31/01/2024 10:50:00,261.2293,261.2293,260.01,260.8899,11300
31/01/2024 10:51:00,260.8899,261.49,260.695,261.215,8000
31/01/2024 10:52:00,261.215,261.295,260.73,260.86,5700
31/01/2024 10:53:00,260.86,261.1057,260.6209,260.6209,4600
31/01/2024 10:54:00,260.75,260.9499,260.015,260.015,5900
31/01/2024 10:55:00,260.015,260.198,260,260.1,12400
31/01/2024 10:56:00,260.1,260.73,259.81,260.73,31000
31/01/2024 10:57:00,260.73,261.14,260.73,261.14,4600
31/01/2024 10:58:00,261.14,261.6275,260.7,260.88,6400
31/01/2024 10:59:00,260.88,261.1,260.7,260.97,6000
31/01/2024 11:00:00,260.97,261.3299,260.6,260.63,6600
31/01/2024 11:01:00,260.63,261.15,260.63,260.975,10500
31/01/2024 11:02:00,260.975,261.2825,260.86,261.0459,5500
31/01/2024 11:03:00,261.0459,261.14,260.77,260.92,3700
31/01/2024 11:04:00,260.92,261.0674,260.56,260.6972,16100
31/01/2024 11:05:00,260.6972,260.71,259.81,260.0183,20400
31/01/2024 11:06:00,260.0183,260.45,259.95,260.45,5700
31/01/2024 11:07:00,260.45,260.66,260.23,260.5,4500
31/01/2024 11:08:00,260.5,260.5,260,260.01,3100
31/01/2024 11:09:00,260.01,260.23,260.01,260.23,1800
31/01/2024 11:10:00,260.23,260.3956,260.08,260.08,1500
31/01/2024 11:11:00,260.08,260.37,259.94,260.26,2400
31/01/2024 11:12:00,260.26,260.6299,260.2,260.28,9400
31/01/2024 11:13:00,260.28,260.4799,260.01,260.26,4900
31/01/2024 11:14:00,260.26,260.26,260.0101,260.235,1100
31/01/2024 11:15:00,260.235,260.5,260.0608,260.415,5000
31/01/2024 11:16:00,260.415,260.415,260.03,260.08,11700
31/01/2024 11:17:00,260.08,260.19,259.9283,260.08,24000
31/01/2024 11:18:00,260.04,261.1076,259.9241,260.7,18900
31/01/2024 11:19:00,260.7,260.87,260.38,260.69,5400
31/01/2024 11:20:00,260.69,261.02,260.69,260.86,5800
31/01/2024 11:21:00,260.86,261.04,260.8,260.98,5100
31/01/2024 11:22:00,260.98,261.058,260.8952,260.8952,3300
31/01/2024 11:23:00,260.8952,261.32,260.85,261.17,11800
31/01/2024 11:24:00,261.195,261.195,260.63,260.885,5200
31/01/2024 11:25:00,260.885,260.99,260.6301,260.99,13800
31/01/2024 11:26:00,260.99,261.3,260.96,261.115,17800
31/01/2024 11:27:00,261.115,261.115,260.54,260.67,9200
31/01/2024 11:28:00,260.67,261.57,260.67,261.57,7500
31/01/2024 11:29:00,261.57,261.67,261.3458,261.3458,2400
31/01/2024 11:30:00,261.3458,261.5962,261.1,261.5398,4700
31/01/2024 11:31:00,261.41,261.425,261.26,261.3,1400
31/01/2024 11:32:00,261.3,261.3,260.63,260.63,11900
31/01/2024 11:33:00,260.63,260.63,260,260.235,5700
31/01/2024 11:34:00,260.235,260.41,259.9106,260,9400
31/01/2024 11:35:00,260,260.14,259.9601,260.135,3000
31/01/2024 11:36:00,260.12,260.6,260.095,260.6,11500
31/01/2024 11:37:00,260.6,260.6,259.97,260.075,14500
31/01/2024 11:38:00,260.075,260.19,260,260.19,5000
31/01/2024 11:39:00,260.19,260.19,259.98,260.1385,6500
31/01/2024 11:40:00,260.1385,260.29,260,260.29,4200
31/01/2024 11:41:00,260.29,260.29,259.975,259.975,23300
31/01/2024 11:42:00,259.975,260.19,259.86,260.16,26200
31/01/2024 11:43:00,260.16,260.19,259.92,260.0496,15200
31/01/2024 11:44:00,260.0496,260.19,260,260.19,5200
31/01/2024 11:45:00,260.19,260.28,260.04,260.15,6900
31/01/2024 11:46:00,260.15,260.1873,260.03,260.145,3300
31/01/2024 11:47:00,260.145,260.16,260,260.0837,23300
31/01/2024 11:48:00,260.16,260.27,260.05,260.18,6400
31/01/2024 11:49:00,260.18,260.18,260.1,260.11,8300
31/01/2024 11:50:00,260.11,260.16,260.1,260.1499,3500
31/01/2024 11:51:00,260.1499,260.18,260.1,260.18,6400
31/01/2024 11:52:00,260.18,260.26,259.94,260.26,31600
31/01/2024 11:53:00,260.26,260.26,260.14,260.145,4500
31/01/2024 11:54:00,260.145,260.145,259.93,260,23000
31/01/2024 11:55:00,260,260.055,260,260,4100
31/01/2024 11:56:00,260,260.03,258.23,258.23,59600
31/01/2024 11:57:00,258.23,258.56,258.23,258.53,10200
31/01/2024 11:58:00,258.53,258.5301,258,258.11,15100
31/01/2024 11:59:00,258.11,258.22,257.955,258.21,25200
31/01/2024 12:00:00,258.21,258.2199,258,258.001,7300
31/01/2024 12:01:00,258.001,258.6093,257.955,258.46,16800
31/01/2024 12:02:00,258.46,258.4699,258.25,258.29,10400
31/01/2024 12:03:00,258.29,258.355,258.045,258.045,3800
31/01/2024 12:04:00,258.045,258.2008,257.0701,257.11,23700
31/01/2024 12:05:00,257.11,257.77,257.11,257.76,33600
31/01/2024 12:06:00,257.76,258.5,257.6568,258.5,10000
31/01/2024 12:07:00,258.5,259.04,258.496,259.04,14900
31/01/2024 12:08:00,259.09,259.71,259.055,259.71,16700
31/01/2024 12:09:00,259.71,260,259.48,259.8589,15500
31/01/2024 12:10:00,259.8589,259.86,259.39,259.39,10400
31/01/2024 12:11:00,259.39,260.05,259.39,260.05,18900
31/01/2024 12:12:00,259.9715,260.5417,259.9715,260.2701,8500
31/01/2024 12:13:00,260.2701,260.385,260.1,260.18,5600
31/01/2024 12:14:00,260.18,260.3358,259.64,259.9654,7100
31/01/2024 12:15:00,259.9654,259.9654,259.67,259.77,1300
31/01/2024 12:16:00,259.77,259.77,258.741,259.025,9500
31/01/2024 12:17:00,259.04,259.18,258.7801,258.99,4100
31/01/2024 12:18:00,258.99,258.99,258.67,258.775,3600
31/01/2024 12:19:00,258.775,259.0227,258.405,258.92,6300
31/01/2024 12:20:00,258.92,259.1698,258.8801,259.125,6700
31/01/2024 12:21:00,259.125,259.125,258.755,258.755,2700
31/01/2024 12:22:00,258.755,258.755,258.176,258.176,8200
31/01/2024 12:23:00,258.1286,258.63,258.1286,258.375,6400
31/01/2024 12:24:00,258.375,258.415,258.23,258.415,1100
31/01/2024 12:25:00,258.415,258.66,258.29,258.5101,6200
31/01/2024 12:26:00,258.5101,258.67,258.26,258.48,11800
31/01/2024 12:27:00,258.48,258.56,258.43,258.43,1000
31/01/2024 12:28:00,258.43,258.77,258.43,258.68,5700
31/01/2024 12:29:00,258.68,258.7044,258.58,258.6945,2900
31/01/2024 12:30:00,258.6945,258.78,258.52,258.77,9600
31/01/2024 12:31:00,258.77,258.97,258.725,258.7522,5100
31/01/2024 12:32:00,258.7522,259.2113,258.7522,259.2113,7600
31/01/2024 12:33:00,259.2113,259.75,259.2113,259.625,8200
31/01/2024 12:34:00,259.625,259.98,259.4688,259.4688,10300
31/01/2024 12:35:00,259.56,259.64,259.56,259.6,5400
31/01/2024 12:36:00,259.6,259.7,259.46,259.465,5600
31/01/2024 12:37:00,259.465,259.6,259.46,259.5471,5500
31/01/2024 12:38:00,259.5471,259.71,259.39,259.69,8600
31/01/2024 12:39:00,259.69,259.754,259.66,259.754,4000
31/01/2024 12:40:00,259.754,259.8312,259.59,259.645,7300
31/01/2024 12:41:00,259.61,259.7799,259.44,259.64,3100
31/01/2024 12:42:00,259.64,259.85,259.43,259.43,16500
31/01/2024 12:43:00,259.43,259.4989,258.77,259.025,13600
31/01/2024 12:44:00,259.025,259.09,258.85,258.9,3300
31/01/2024 12:45:00,258.9,259,258.855,258.855,1800
31/01/2024 12:46:00,258.855,259.51,258.855,259.42,6500
31/01/2024 12:47:00,259.42,259.4342,259.314,259.4342,3300
31/01/2024 12:48:00,259.4342,259.7899,259.4342,259.62,4200
31/01/2024 12:49:00,259.62,259.72,259.53,259.63,4700
31/01/2024 12:50:00,259.63,259.68,259.35,259.59,5500
31/01/2024 12:51:00,259.59,259.59,258.89,259,13400
31/01/2024 12:52:00,259,259.27,258.63,258.63,6000
31/01/2024 12:53:00,258.63,259,258.63,259,3500
31/01/2024 12:54:00,258.885,259.17,258.885,259.02,3300
31/01/2024 12:55:00,259.02,259.02,258.72,258.89,5100
31/01/2024 12:56:00,258.89,258.8978,258.78,258.805,1200
31/01/2024 12:57:00,258.805,259.14,258.68,259.015,8000
31/01/2024 12:58:00,259.015,259.2799,259.015,259.2799,4100
31/01/2024 12:59:00,259.2799,259.38,259.12,259.34,17300
31/01/2024 13:00:00,259.34,259.45,259.34,259.45,1800
31/01/2024 13:01:00,259.45,259.45,259.2359,259.2359,5700
31/01/2024 13:02:00,259.2359,259.55,259.07,259.55,4900
31/01/2024 13:03:00,259.55,259.8399,259.47,259.8399,3800
31/01/2024 13:04:00,259.8399,259.8399,259.46,259.6292,7700
31/01/2024 13:05:00,259.6292,259.6292,259.19,259.435,2400
31/01/2024 13:06:00,259.435,259.66,259.34,259.66,4500
31/01/2024 13:07:00,259.66,259.75,259.48,259.5,1900
31/01/2024 13:08:00,259.5,259.93,259.5,259.79,8900
31/01/2024 13:09:00,259.79,259.9,259.5,259.65,5100
31/01/2024 13:10:00,259.65,259.87,259.65,259.795,5200
31/01/2024 13:11:00,259.795,259.83,259.555,259.63,4000
31/01/2024 13:12:00,259.63,259.63,259.63,259.63,500
31/01/2024 13:13:00,259.63,259.63,259.44,259.56,4500
31/01/2024 13:14:00,259.56,259.56,259.175,259.395,50100
31/01/2024 13:15:00,259.45,259.49,259.32,259.32,2800
31/01/2024 13:16:00,259.275,259.275,258.78,258.86,43900
31/01/2024 13:17:00,258.86,258.99,258.59,258.665,19000
31/01/2024 13:18:00,258.665,258.9273,258.665,258.8,4400
31/01/2024 13:19:00,258.8,258.8,258.47,258.66,10500
31/01/2024 13:20:00,258.66,258.94,258.66,258.86,5200
31/01/2024 13:21:00,258.86,259.07,258.803,259.04,9600
31/01/2024 13:22:00,259.04,259.17,258.98,259.15,11500
31/01/2024 13:23:00,259.15,259.5,259.125,259.46,6200
31/01/2024 13:24:00,259.46,259.69,259.37,259.42,9400
31/01/2024 13:25:00,259.42,259.51,259.345,259.345,2100
31/01/2024 13:26:00,259.43,259.56,259.34,259.495,3800
31/01/2024 13:27:00,259.495,260.45,259.495,260.42,13600
31/01/2024 13:28:00,260.42,260.8,260.36,260.8,78700
31/01/2024 13:29:00,260.8,260.98,260.41,260.41,12700
31/01/2024 13:30:00,260.6217,260.6217,260.22,260.39,7800
31/01/2024 13:31:00,260.36,260.55,260,260.14,42000
31/01/2024 13:32:00,260.14,260.205,259.76,260.02,7500
31/01/2024 13:33:00,260.02,260.0846,259.06,259.7185,7700
31/01/2024 13:34:00,259.7185,259.83,259.535,259.83,6100
31/01/2024 13:35:00,259.83,260.11,259.4736,259.4736,10400
31/01/2024 13:36:00,259.4736,259.6,259.25,259.435,12300
31/01/2024 13:37:00,259.435,259.435,259.385,259.385,600
31/01/2024 13:38:00,259.385,259.47,259.06,259.3,5000
31/01/2024 13:39:00,259.3,259.39,259.3,259.36,1000
31/01/2024 13:40:00,259.36,259.51,259.23,259.39,14600
31/01/2024 13:41:00,259.39,259.44,259.135,259.23,4300
31/01/2024 13:42:00,259.205,259.5,259.0901,259.2711,6500
31/01/2024 13:43:00,259.2711,259.53,259.2711,259.4113,5900
31/01/2024 13:44:00,259.4113,259.88,259.35,259.75,7300
31/01/2024 13:45:00,259.75,260.51,259.75,260.2301,5700
31/01/2024 13:46:00,260.2301,260.5617,260.2301,260.5617,4300
31/01/2024 13:47:00,260.5617,260.59,259.97,260.1184,7900
31/01/2024 13:48:00,260.1184,260.5,259.88,260.5,20100
31/01/2024 13:49:00,260.5,260.54,260.38,260.42,3600
31/01/2024 13:50:00,260.42,260.455,260.19,260.455,3500
31/01/2024 13:51:00,260.455,260.59,260.415,260.5,6800
31/01/2024 13:52:00,260.5,260.606,260.33,260.51,4700
31/01/2024 13:53:00,260.51,260.51,260.32,260.34,2900
31/01/2024 13:54:00,260.34,260.5492,260.136,260.136,8100
31/01/2024 13:55:00,260.136,260.59,260.13,260.47,6600
31/01/2024 13:56:00,260.47,260.55,260.43,260.55,3000
31/01/2024 13:57:00,260.55,260.55,260.36,260.5,1800
31/01/2024 13:58:00,260.5,260.515,260.36,260.43,1900
31/01/2024 13:59:00,260.43,260.44,260.31,260.4111,1100
31/01/2024 14:00:00,260.4111,260.5,260.2801,260.42,7200
31/01/2024 14:01:00,260.42,260.42,259.43,259.7386,25300
31/01/2024 14:02:00,259.7386,259.7386,258.7,259.1034,23800
31/01/2024 14:03:00,259.09,259.12,258.51,258.82,4200
31/01/2024 14:04:00,258.905,259.13,258.8,258.92,61100
31/01/2024 14:05:00,258.92,258.94,258.5,258.6948,8100
31/01/2024 14:06:00,258.6948,259.15,258.6401,258.85,13300
31/01/2024 14:07:00,258.9,258.925,258.68,258.75,2900
31/01/2024 14:08:00,258.75,258.775,258.25,258.295,5900
31/01/2024 14:09:00,258.295,258.5654,258.15,258.2166,3800
31/01/2024 14:10:00,258.2166,258.22,258.03,258.14,14300
31/01/2024 14:11:00,258.14,258.7299,258.0099,258.59,18000
31/01/2024 14:12:00,258.59,258.83,258.44,258.83,11300
31/01/2024 14:13:00,258.83,259.17,258.83,259.04,3800
31/01/2024 14:14:00,259.04,259.18,258.41,258.49,17800
31/01/2024 14:15:00,258.49,258.6,258.46,258.46,3200
31/01/2024 14:16:00,258.55,258.55,258.47,258.535,2900
31/01/2024 14:17:00,258.535,258.6559,258.535,258.545,500
31/01/2024 14:18:00,258.51,258.56,258.03,258.15,10100
31/01/2024 14:19:00,258.15,258.2913,258.04,258.29,6400
31/01/2024 14:20:00,258.29,258.29,258,258.15,17500
31/01/2024 14:21:00,258.15,258.51,257.6001,258.51,17900
31/01/2024 14:22:00,258.51,258.76,258.23,258.23,3200
31/01/2024 14:23:00,258.23,258.23,257.92,257.9559,2100
31/01/2024 14:24:00,257.9559,258.11,257.91,257.92,4700
31/01/2024 14:25:00,258.0707,258.0707,257.34,257.34,13100
31/01/2024 14:26:00,257.3778,257.58,257.34,257.57,3500
31/01/2024 14:27:00,257.57,257.57,257.26,257.4568,5600
31/01/2024 14:28:00,257.4568,257.5403,257.25,257.26,5600
31/01/2024 14:29:00,257.26,257.52,257.26,257.41,5900
31/01/2024 14:30:00,257.41,257.9199,257.395,257.9,5800
31/01/2024 14:31:00,257.9,257.9,257.5761,257.88,7900
31/01/2024 14:32:00,257.88,258.64,257.65,258.5,12600
31/01/2024 14:33:00,258.5,259.09,258.33,258.9601,103800
31/01/2024 14:34:00,258.9601,259.53,258.91,259.08,9900
31/01/2024 14:35:00,259.08,259.38,259.08,259.36,7800
31/01/2024 14:36:00,259.36,259.84,259.35,259.59,9500
31/01/2024 14:37:00,259.59,259.925,259.5038,259.8945,11000
31/01/2024 14:38:00,259.8945,260.29,259.82,260.29,8200
31/01/2024 14:39:00,260.29,260.9,260.035,260.81,24200
31/01/2024 14:40:00,260.81,261.38,260.81,261.225,11200
31/01/2024 14:41:00,261.225,262.6367,261.225,262.195,21900
31/01/2024 14:42:00,262.195,262.21,261.39,262.21,21300
31/01/2024 14:43:00,262.21,262.56,262.21,262.43,9000
31/01/2024 14:44:00,262.43,262.4675,262.2801,262.435,22400
31/01/2024 14:45:00,262.435,262.9999,262.29,262.66,10200
31/01/2024 14:46:00,262.66,262.825,262.46,262.825,9600
31/01/2024 14:47:00,262.825,262.94,262.5981,262.745,5700
31/01/2024 14:48:00,262.745,262.75,260.9601,261.27,10400
31/01/2024 14:49:00,261.27,261.37,260.9249,261,2900
31/01/2024 14:50:00,261,261.065,260.89,260.89,3600
31/01/2024 14:51:00,260.89,261.13,260.18,260.375,6200
31/01/2024 14:52:00,260.375,260.655,260.2201,260.36,5600
31/01/2024 14:53:00,260.36,261.04,260.18,261.035,6300
31/01/2024 14:54:00,261.035,261.55,261.035,261.37,5500
31/01/2024 14:55:00,261.37,261.7299,261.3625,261.7299,4700
31/01/2024 14:56:00,261.5606,261.9,261.41,261.9,6000
31/01/2024 14:57:00,261.9,262.22,261.7,261.82,6200
31/01/2024 14:58:00,261.82,262.08,261.41,261.41,6600
31/01/2024 14:59:00,261.41,261.41,260.9001,261.03,6300
31/01/2024 15:00:00,261.03,261.03,260.555,260.815,4700
31/01/2024 15:01:00,260.815,260.815,260.5,260.61,5700
31/01/2024 15:02:00,260.61,260.61,260.26,260.26,7100
31/01/2024 15:03:00,260.26,260.41,259.95,260.085,8700
31/01/2024 15:04:00,260.085,260.085,259.3,259.8,8400
31/01/2024 15:05:00,259.8,259.91,259.49,259.825,5600
31/01/2024 15:06:00,259.825,260.18,259.6,259.6,13100
31/01/2024 15:07:00,259.6,259.6,258.64,259.15,9500
31/01/2024 15:08:00,259.15,259.15,258.62,258.69,18900
31/01/2024 15:09:00,258.755,258.8,258.37,258.37,21200
31/01/2024 15:10:00,258.37,258.4699,258.19,258.315,3700
31/01/2024 15:11:00,258.315,258.64,258.315,258.4906,73600
31/01/2024 15:12:00,258.4906,258.4906,257.929,258.1,10300
31/01/2024 15:13:00,258.1,258.1,257.985,258.08,2400
31/01/2024 15:14:00,258.08,258.3628,257.9,258.31,10900
31/01/2024 15:15:00,258.31,258.42,258.21,258.25,5500
31/01/2024 15:16:00,258.25,258.51,258.1,258.48,14300
31/01/2024 15:17:00,258.42,258.45,257.9,258.18,9700
31/01/2024 15:18:00,258.18,258.35,258.12,258.12,3000
31/01/2024 15:19:00,258.12,258.15,257.6363,257.6363,10000
31/01/2024 15:20:00,257.6363,258.07,257.56,257.9,10500
31/01/2024 15:21:00,257.8788,258.03,257.7,257.885,4300
31/01/2024 15:22:00,257.875,257.98,257.7,257.98,5900
31/01/2024 15:23:00,257.92,258.015,257.81,257.81,9100
31/01/2024 15:24:00,257.81,258.14,257.6,258.0101,11800
31/01/2024 15:25:00,258.005,258.005,257.74,257.78,8800
31/01/2024 15:26:00,257.78,257.82,257.44,257.4863,8000
31/01/2024 15:27:00,257.4863,258.015,257.475,257.83,12400
31/01/2024 15:28:00,257.83,257.835,257.57,257.62,19400
31/01/2024 15:29:00,257.62,257.62,257.36,257.41,14200
31/01/2024 15:30:00,257.41,257.945,257.41,257.945,13900
31/01/2024 15:31:00,257.945,257.945,257.455,257.4632,8100
31/01/2024 15:32:00,257.4632,257.4632,257.1001,257.17,6300
31/01/2024 15:33:00,257.17,257.185,256.8941,257.16,16500
31/01/2024 15:34:00,257.16,257.4046,256.9917,257,15200
31/01/2024 15:35:00,257,257.11,256.92,256.92,9500
31/01/2024 15:36:00,256.92,256.92,256.5389,256.66,6900
31/01/2024 15:37:00,256.744,256.744,256.28,256.5,12400
31/01/2024 15:38:00,256.5,256.56,256.1701,256.18,6100
31/01/2024 15:39:00,256.18,256.4,256.17,256.27,11400
31/01/2024 15:40:00,256.27,256.37,256.11,256.23,30400
31/01/2024 15:41:00,256.275,256.275,255.92,255.92,10300
31/01/2024 15:42:00,255.92,256,255.75,256,16600
31/01/2024 15:43:00,255.955,256.02,255.67,255.67,10400
31/01/2024 15:44:00,255.67,255.785,255.35,255.4701,30100
31/01/2024 15:45:00,255.4701,255.5275,255.36,255.36,15100
31/01/2024 15:46:00,255.36,255.5,255.19,255.35,23200
31/01/2024 15:47:00,255.32,255.3759,255.032,255.22,17900
31/01/2024 15:48:00,255.22,255.25,254.76,255,25400
31/01/2024 15:49:00,255,255.09,254.5601,254.99,18100
31/01/2024 15:50:00,254.99,255.135,254.6701,255.02,15400
31/01/2024 15:51:00,255.025,255.29,254.807,254.97,41300
31/01/2024 15:52:00,254.97,255.09,254.84,255.09,20200
31/01/2024 15:53:00,255.09,255.87,254.99,255.57,37000
31/01/2024 15:54:00,255.57,255.6397,254.8,254.8,28200
31/01/2024 15:55:00,254.8,254.8,254.2601,254.67,41900
31/01/2024 15:56:00,254.67,254.76,253.87,254.01,59200
31/01/2024 15:57:00,254.01,254.385,253.9689,254.14,49000
31/01/2024 15:58:00,254.14,254.29,253.3,253.3,72400
31/01/2024 15:59:00,253.3,253.31,252.6301,252.79,92100
31/01/2024 16:00:00,252.79,253.29,252.11,253.28,190400
01/02/2024 09:31:00,258.05,258.05,258.05,258.05,200
01/02/2024 09:32:00,258.05,258.05,258.05,258.05,100
01/02/2024 09:33:00,258.05,258.05,258.03,258.03,400
01/02/2024 09:34:00,258.03,258.03,257.77,257.77,1200
01/02/2024 09:35:00,257.77,257.77,257.61,257.61,500
01/02/2024 09:36:00,257.61,258.315,257.61,258.315,500
01/02/2024 09:37:00,258.315,258.315,257.76,257.76,900
01/02/2024 09:38:00,257.76,261.79,257.58,261.26,102300
01/02/2024 09:39:00,261.505,261.505,260.41,260.9383,32200
01/02/2024 09:40:00,260.9383,261.86,260.77,261.2053,22700
01/02/2024 09:41:00,261.06,261.61,258.45,258.45,36100
01/02/2024 09:42:00,258.45,259.8856,258.45,259.635,4900
01/02/2024 09:43:00,259.635,259.82,259.19,259.515,8600
01/02/2024 09:44:00,259.515,259.929,259.11,259.26,15200
01/02/2024 09:45:00,259.26,260.41,259.26,259.66,13900
01/02/2024 09:46:00,259.66,260.2601,259.02,259.5736,6400
01/02/2024 09:47:00,259.5736,259.5736,258.41,258.96,9300
01/02/2024 09:48:00,258.96,258.96,258.055,258.53,14100
01/02/2024 09:49:00,258.53,258.53,258.235,258.36,2400
01/02/2024 09:50:00,258.36,258.9,258.1,258.705,5700
01/02/2024 09:51:00,258.705,259.6523,258.705,259.355,6300
01/02/2024 09:52:00,259.355,259.84,258.67,258.885,8800
01/02/2024 09:53:00,258.885,259.43,258.83,259.3,5400
01/02/2024 09:54:00,259.3,259.82,259.3,259.44,1100
01/02/2024 09:55:00,259.44,259.78,258.81,259.78,9500
01/02/2024 09:56:00,259.78,259.78,259.12,259.43,5200
01/02/2024 09:57:00,259.43,259.77,259.24,259.24,4300
01/02/2024 09:58:00,259.24,259.37,259.085,259.1,9600
01/02/2024 09:59:00,259.1,259.505,259.1,259.36,3500
01/02/2024 10:00:00,259.36,259.78,259.28,259.765,7100
01/02/2024 10:01:00,259.765,259.95,259.3,259.52,12300
01/02/2024 10:02:00,259.52,259.795,259.31,259.56,4900
01/02/2024 10:03:00,259.56,260.69,259.56,260.63,14600
01/02/2024 10:04:00,260.575,261.79,260.53,261.675,12500
01/02/2024 10:05:00,261.675,261.8499,261.6081,261.7,7800
01/02/2024 10:06:00,261.7,262.24,261.56,262.11,23500
01/02/2024 10:07:00,262.11,262.11,260.12,260.38,11500
01/02/2024 10:08:00,260.38,261.08,260.38,260.815,5400
01/02/2024 10:09:00,260.67,261.045,260.49,260.72,9500
01/02/2024 10:10:00,260.69,260.8546,260.46,260.46,4400
01/02/2024 10:11:00,260.615,260.615,259.71,259.94,13400
01/02/2024 10:12:00,259.94,259.94,259.49,259.58,5300
01/02/2024 10:13:00,259.58,259.9665,259.435,259.805,4200
01/02/2024 10:14:00,259.96,259.98,259.495,259.54,8100
01/02/2024 10:15:00,259.54,259.6801,259.505,259.56,5300
01/02/2024 10:16:00,259.56,259.77,259.495,259.76,4200
01/02/2024 10:17:00,259.76,259.86,259.435,259.62,7500
01/02/2024 10:18:00,259.62,259.63,259.24,259.41,4500
01/02/2024 10:19:00,259.41,259.46,258.78,258.78,5400
01/02/2024 10:20:00,258.78,258.78,258.12,258.625,10300
01/02/2024 10:21:00,258.625,259.1601,258.625,259.1141,1100
01/02/2024 10:22:00,259.1141,259.1141,258.51,258.675,3100
01/02/2024 10:23:00,258.6834,258.92,258.64,258.64,2800
01/02/2024 10:24:00,258.64,258.99,258.52,258.99,2300
01/02/2024 10:25:00,258.99,258.99,258.2,258.68,7600
01/02/2024 10:26:00,258.68,259.42,258.68,259.13,3300
01/02/2024 10:27:00,259.13,259.94,259.13,259.895,2900
01/02/2024 10:28:00,259.895,260,259.5469,259.83,10500
01/02/2024 10:29:00,260,260.665,259.98,260.635,3800
01/02/2024 10:30:00,260.635,260.66,260.26,260.4431,4200
01/02/2024 10:31:00,260.4431,260.5,260.02,260.135,5600
01/02/2024 10:32:00,260.135,260.21,259.85,259.94,5900
01/02/2024 10:33:00,259.94,260.095,259.82,260.095,2000
01/02/2024 10:34:00,260.095,260.2805,259.88,260.055,1100
01/02/2024 10:35:00,260.055,260.13,259.28,259.47,4100
01/02/2024 10:36:00,259.45,259.45,258.5,258.64,5000
01/02/2024 10:37:00,258.64,258.6492,258.27,258.3,4800
01/02/2024 10:38:00,258.3,258.56,258.24,258.56,4000
01/02/2024 10:39:00,258.56,258.829,258.355,258.63,4800
01/02/2024 10:40:00,258.63,258.89,258.63,258.75,2400
01/02/2024 10:41:00,258.75,258.75,258.56,258.62,3100
01/02/2024 10:42:00,258.755,258.89,258.6401,258.67,2400
01/02/2024 10:43:00,258.67,259.04,258.67,259.04,1200
01/02/2024 10:44:00,259.04,259.04,258.7,258.84,1800
01/02/2024 10:45:00,258.84,258.941,258.63,258.63,4600
01/02/2024 10:46:00,258.63,259.05,258.63,258.795,5600
01/02/2024 10:47:00,258.795,258.795,258.16,258.77,10600
01/02/2024 10:48:00,258.77,258.85,258.2101,258.375,4100
01/02/2024 10:49:00,258.375,258.375,258.17,258.345,7900
01/02/2024 10:50:00,258.35,258.35,257.87,257.91,13200
01/02/2024 10:51:00,257.91,257.978,257.64,257.64,5000
01/02/2024 10:52:00,257.72,258.2,257.72,257.89,9200
01/02/2024 10:53:00,257.89,258.16,257.89,258.16,2500
01/02/2024 10:54:00,258.16,258.382,257.78,257.78,2800
01/02/2024 10:55:00,257.78,258.134,257.78,258.134,900
01/02/2024 10:56:00,258.134,258.54,257.945,258.54,3500
01/02/2024 10:57:00,258.54,259.02,258.54,259.02,2000
01/02/2024 10:58:00,259.02,259.49,258.89,259.305,13200
01/02/2024 10:59:00,259.305,259.545,259.13,259.285,5900
01/02/2024 11:00:00,259.285,259.285,258.945,259.15,4900
01/02/2024 11:01:00,259.15,259.23,259.055,259.1,1300
01/02/2024 11:02:00,259.1013,259.25,258.57,258.67,5300
01/02/2024 11:03:00,258.67,258.8,258.5,258.74,4900
01/02/2024 11:04:00,258.74,258.97,258.7,258.855,3400
01/02/2024 11:05:00,258.855,258.9343,258.64,258.74,4000
01/02/2024 11:06:00,258.74,258.79,258.35,258.35,5000
01/02/2024 11:07:00,258.3,258.72,258.3,258.72,8300
01/02/2024 11:08:00,258.72,259.03,258.72,258.81,3200
01/02/2024 11:09:00,258.81,259.15,258.74,258.83,3800
01/02/2024 11:10:00,258.83,259.25,258.83,259.1379,1300
01/02/2024 11:11:00,259.03,259.14,259.03,259.14,1200
01/02/2024 11:12:00,259.14,259.14,258.97,259.03,900
01/02/2024 11:13:00,259.03,259.06,258.73,258.81,5800
01/02/2024 11:14:00,258.81,258.9,258.785,258.9,3200
01/02/2024 11:15:00,258.9,259.095,258.86,258.925,3400
01/02/2024 11:16:00,258.925,258.925,258.78,258.82,3900
01/02/2024 11:17:00,258.82,259.07,258.82,258.89,3000
01/02/2024 11:18:00,258.89,259.0449,258.88,258.9975,1200
01/02/2024 11:19:00,258.9975,258.9975,258.87,258.9,1300
01/02/2024 11:20:00,258.9,259.24,258.87,259.15,8900
01/02/2024 11:21:00,259.15,259.45,259.15,259.2309,4100
01/02/2024 11:22:00,259.2309,259.44,259.2309,259.355,800
01/02/2024 11:23:00,259.355,259.505,259.28,259.505,5500
01/02/2024 11:24:00,259.505,259.685,259.505,259.685,2200
01/02/2024 11:25:00,259.685,259.95,259.685,259.83,1800
01/02/2024 11:26:00,259.83,259.95,259.81,259.95,3600
01/02/2024 11:27:00,259.95,259.95,259.42,259.5,5200
01/02/2024 11:28:00,259.5,259.67,259.3,259.67,4300
01/02/2024 11:29:00,259.67,259.81,259.565,259.63,3700
01/02/2024 11:30:00,259.63,259.63,259.46,259.5,2000
01/02/2024 11:31:00,259.5,259.83,259.45,259.745,8000
01/02/2024 11:32:00,259.745,260.125,259.745,260.09,3300
01/02/2024 11:33:00,260.09,260.4,260.09,260.335,7100
01/02/2024 11:34:00,260.335,260.735,260.335,260.69,8300
01/02/2024 11:35:00,260.69,260.69,260.685,260.685,800
01/02/2024 11:36:00,260.66,260.84,260.45,260.555,6300
01/02/2024 11:37:00,260.555,260.75,260.555,260.7,2600
01/02/2024 11:38:00,260.7,260.73,260.31,260.36,4500
01/02/2024 11:39:00,260.36,260.64,260.32,260.55,2700
01/02/2024 11:40:00,260.55,260.675,260.55,260.675,500
01/02/2024 11:41:00,260.675,260.675,260.5766,260.615,600
01/02/2024 11:42:00,260.7,261.2285,260.7,260.81,8600
01/02/2024 11:43:00,260.81,260.81,260.81,260.81,200
01/02/2024 11:44:00,260.81,261.0674,260.81,261.0674,1100
01/02/2024 11:45:00,261.0674,261.1,261.06,261.1,1400
01/02/2024 11:46:00,261.1,261.37,261.06,261.37,2300
01/02/2024 11:47:00,261.37,261.395,261.25,261.36,2000
01/02/2024 11:48:00,261.36,261.5914,261.2061,261.4,3300
01/02/2024 11:49:00,261.1901,261.295,261.1,261.18,2700
01/02/2024 11:50:00,261.18,261.18,261.01,261.01,2300
01/02/2024 11:51:00,261.01,261.23,261.01,261.23,2100
01/02/2024 11:52:00,261.23,261.23,261.14,261.19,2000
01/02/2024 11:53:00,261.19,261.19,260.625,260.86,4500
01/02/2024 11:54:00,260.86,261.03,260.85,260.99,1000
01/02/2024 11:55:00,260.99,261.145,260.99,261,1900
01/02/2024 11:56:00,261,261.3175,261,261,1900
01/02/2024 11:57:00,261,261.15,260.975,260.9801,5800
01/02/2024 11:58:00,260.9801,261.23,260.98,261.23,3600
01/02/2024 11:59:00,261.23,261.23,260.75,260.87,4900
01/02/2024 12:00:00,260.88,261.39,260.88,261.39,10700
01/02/2024 12:01:00,261.39,261.71,261.39,261.6734,5800
01/02/2024 12:02:00,261.6734,262.5,261.66,262.5,10400
01/02/2024 12:03:00,262.5,262.7223,262.31,262.31,4200
01/02/2024 12:04:00,262.31,262.46,262.31,262.46,3600
01/02/2024 12:05:00,262.46,263.165,262.46,262.94,9300
01/02/2024 12:06:00,262.94,263.4,262.94,263.4,2800
01/02/2024 12:07:00,263.4,263.84,263.4,263.84,1000
01/02/2024 12:08:00,263.84,263.84,263.24,263.6723,3400
01/02/2024 12:09:00,263.6723,263.6723,263.305,263.5,1300
01/02/2024 12:10:00,263.5,263.67,263.42,263.4773,2100
01/02/2024 12:11:00,263.4773,263.63,263.26,263.425,2300
01/02/2024 12:12:00,263.4082,263.4082,263.245,263.3,5600
01/02/2024 12:13:00,263.25,263.255,263.011,263.07,4500
01/02/2024 12:14:00,263.07,263.07,262.9,262.98,2800
01/02/2024 12:15:00,262.98,263.05,262.89,263.05,1400
01/02/2024 12:16:00,263.05,263.09,262.8,262.91,2900
01/02/2024 12:17:00,262.91,262.91,262.38,262.5,5200
01/02/2024 12:18:00,262.5,262.5,262.3,262.405,1100
01/02/2024 12:19:00,262.405,262.405,262,262.15,5400
01/02/2024 12:20:00,262.15,262.15,262.15,262.15,100
01/02/2024 12:21:00,262.15,262.32,262.02,262.29,3600
01/02/2024 12:22:00,262.29,262.443,262.29,262.443,500
01/02/2024 12:23:00,262.443,262.443,262.21,262.21,500
01/02/2024 12:24:00,262.21,262.44,262.21,262.43,2800
01/02/2024 12:25:00,262.43,262.55,262.36,262.37,2300
01/02/2024 12:26:00,262.32,262.32,262.19,262.19,2300
01/02/2024 12:27:00,262.24,262.3577,261.92,261.92,2400
01/02/2024 12:28:00,261.92,261.935,261.66,261.77,3900
01/02/2024 12:29:00,261.77,261.81,261.65,261.81,1900
01/02/2024 12:30:00,261.81,261.81,261.81,261.81,300
01/02/2024 12:31:00,261.81,261.81,261.25,261.305,5200
01/02/2024 12:32:00,261.305,261.45,261.305,261.37,2000
01/02/2024 12:33:00,261.37,261.37,261.345,261.345,600
01/02/2024 12:34:00,261.345,261.6209,261.345,261.5829,1900
01/02/2024 12:35:00,261.5829,261.67,261.545,261.66,900
01/02/2024 12:36:00,261.66,261.8,261.66,261.795,2500
01/02/2024 12:37:00,261.795,261.795,261.795,261.795,400
01/02/2024 12:38:00,261.9,262.12,261.825,262.055,2800
01/02/2024 12:39:00,262.055,262.3,262.0501,262.3,900
01/02/2024 12:40:00,262.3,262.51,262.25,262.37,1600
01/02/2024 12:41:00,262.37,262.37,262.24,262.24,1800
01/02/2024 12:42:00,262.24,262.87,262.24,262.68,8400
01/02/2024 12:43:00,262.795,262.8,262.59,262.67,2500
01/02/2024 12:44:00,262.7508,262.895,262.7508,262.895,2500
01/02/2024 12:45:00,262.895,262.9034,262.895,262.9034,1100
01/02/2024 12:46:00,262.9034,263.08,262.78,263.08,3100
01/02/2024 12:47:00,263.08,263.08,263.08,263.08,300
01/02/2024 12:48:00,263.08,263.49,263.08,263.33,3800
01/02/2024 12:49:00,263.33,263.49,263.2901,263.42,1700
01/02/2024 12:50:00,263.4,263.64,263.4,263.64,1700
01/02/2024 12:51:00,263.64,263.92,263.64,263.875,2200
01/02/2024 12:52:00,263.875,264.035,263.875,264.02,5100
01/02/2024 12:53:00,264.09,264.1261,263.915,263.965,5000
01/02/2024 12:54:00,263.965,264.0064,263.76,263.855,1900
01/02/2024 12:55:00,263.855,264.395,263.855,264.395,3600
01/02/2024 12:56:00,264.395,264.94,264.395,264.935,6700
01/02/2024 12:57:00,264.935,265.31,264.92,264.97,19100
01/02/2024 12:58:00,264.97,264.97,264.73,264.75,3200
01/02/2024 12:59:00,264.75,264.95,264.53,264.53,6500
01/02/2024 13:00:00,264.53,264.695,264.46,264.695,2200
01/02/2024 13:01:00,264.695,264.765,264.55,264.69,2600
01/02/2024 13:02:00,264.69,264.69,264.37,264.565,1300
01/02/2024 13:03:00,264.565,264.59,264.31,264.32,5900
01/02/2024 13:04:00,264.32,264.32,263.24,263.24,6100
01/02/2024 13:05:00,263.24,263.39,262.95,263.17,7100
01/02/2024 13:06:00,263.17,263.3615,263.115,263.26,2200
01/02/2024 13:07:00,263.26,263.26,263.01,263.025,1200
01/02/2024 13:08:00,263.025,263.24,263.025,263.24,1400
01/02/2024 13:09:00,263.24,263.772,263.215,263.772,3600
01/02/2024 13:10:00,263.772,263.9117,263.72,263.8731,1200
01/02/2024 13:11:00,263.8731,263.8731,263.535,263.75,4500
01/02/2024 13:12:00,263.75,263.95,263.61,263.85,7000
01/02/2024 13:13:00,263.85,264.04,263.75,263.79,1800
01/02/2024 13:14:00,263.79,264.2035,263.79,264.11,1400
01/02/2024 13:15:00,264.11,264.2214,263.9,264.2214,1800
01/02/2024 13:16:00,264.2214,264.2214,263.94,264.02,1000
01/02/2024 13:17:00,264.02,264.02,263.75,263.75,5300
01/02/2024 13:18:00,263.75,263.75,263.4301,263.4301,1800
01/02/2024 13:19:00,263.4301,263.6877,263.42,263.42,1200
01/02/2024 13:20:00,263.42,263.48,263.2369,263.48,2300
01/02/2024 13:21:00,263.48,263.63,263.48,263.605,1100
01/02/2024 13:22:00,263.605,263.605,263.5328,263.556,1400
01/02/2024 13:23:00,263.556,263.68,263.36,263.3768,2100
01/02/2024 13:24:00,263.3768,263.4419,262.995,262.995,2100
01/02/2024 13:25:00,262.995,263.0879,262.995,263.02,2500
01/02/2024 13:26:00,263.02,263.18,262.65,263.18,4200
01/02/2024 13:27:00,263.18,263.29,263.18,263.29,400
01/02/2024 13:28:00,263.29,263.29,263,263,1000
01/02/2024 13:29:00,262.9201,263.02,262.9201,263.02,600
01/02/2024 13:30:00,263.02,263.02,262.875,262.875,2000
01/02/2024 13:31:00,262.875,263.06,262.875,263.06,1900
01/02/2024 13:32:00,263.06,263.06,263.04,263.04,900
01/02/2024 13:33:00,263.04,263.13,262.82,262.82,2900
01/02/2024 13:34:00,262.82,262.845,262.82,262.845,500
01/02/2024 13:35:00,262.845,262.845,262.62,262.62,1800
01/02/2024 13:36:00,262.62,262.9809,262.535,262.9809,2600
01/02/2024 13:37:00,262.9809,262.9809,262.74,262.74,1100
01/02/2024 13:38:00,262.72,262.72,262.17,262.17,1400
01/02/2024 13:39:00,262.17,262.17,261.9801,262,1000
01/02/2024 13:40:00,262,262.375,262,262.345,1900
01/02/2024 13:41:00,262.345,262.35,261.9801,262.29,7000
01/02/2024 13:42:00,262.29,262.48,262.29,262.34,1100
01/02/2024 13:43:00,262.34,262.34,262.18,262.1801,2000
01/02/2024 13:44:00,262.1801,262.31,262.11,262.27,1100
01/02/2024 13:45:00,262.39,262.62,262.39,262.62,1200
01/02/2024 13:46:00,262.62,262.76,262.48,262.48,2000
01/02/2024 13:47:00,262.69,262.93,262.69,262.81,1100
01/02/2024 13:48:00,262.81,262.91,262.74,262.91,700
01/02/2024 13:49:00,262.91,262.91,262.77,262.88,700
01/02/2024 13:50:00,262.88,262.91,262.75,262.89,3600
01/02/2024 13:51:00,262.89,262.89,262.78,262.78,6800
01/02/2024 13:52:00,262.78,262.78,262.66,262.675,3200
01/02/2024 13:53:00,262.685,262.78,262.425,262.745,7800
01/02/2024 13:54:00,262.745,262.93,262.745,262.8118,5600
01/02/2024 13:55:00,262.8118,262.8118,262.4701,262.67,3200
01/02/2024 13:56:00,262.6,262.6297,262.45,262.48,3200
01/02/2024 13:57:00,262.43,262.81,262.43,262.74,3500
01/02/2024 13:58:00,262.74,262.74,262.74,262.74,400
01/02/2024 13:59:00,262.74,262.74,262.45,262.45,1100
01/02/2024 14:00:00,262.45,262.83,262.45,262.72,3300
01/02/2024 14:01:00,262.72,263.03,262.72,263.03,1000
01/02/2024 14:02:00,263.03,263.03,262.871,262.88,2300
01/02/2024 14:03:00,262.88,262.88,262.88,262.88,500
01/02/2024 14:04:00,262.88,262.9,262.88,262.9,1300
01/02/2024 14:05:00,262.9,262.98,262.88,262.98,2300
01/02/2024 14:06:00,262.865,262.9,262.865,262.9,800
01/02/2024 14:07:00,262.9,262.9,262.9,262.9,900
01/02/2024 14:08:00,262.9,262.9,262.67,262.67,3000
01/02/2024 14:09:00,262.67,262.89,262.67,262.81,5100
01/02/2024 14:10:00,262.81,262.885,262.79,262.825,1600
01/02/2024 14:11:00,262.825,263.515,262.825,263.515,4300
01/02/2024 14:12:00,263.515,263.515,263.27,263.2875,1800
01/02/2024 14:13:00,263.2875,263.335,263.2875,263.335,600
01/02/2024 14:14:00,263.335,263.43,263.335,263.43,1400
01/02/2024 14:15:00,263.43,263.43,263.35,263.35,2600
01/02/2024 14:16:00,263.35,263.46,263.33,263.37,1900
01/02/2024 14:17:00,263.37,263.7,263.37,263.7,4000
01/02/2024 14:18:00,263.7,263.7,263.685,263.685,600
01/02/2024 14:19:00,263.685,263.685,263.685,263.685,400
01/02/2024 14:20:00,263.685,264,263.685,263.995,1600
01/02/2024 14:21:00,263.995,264.2,263.99,264.2,1500
01/02/2024 14:22:00,264.155,264.23,264.04,264.06,3900
01/02/2024 14:23:00,264.06,264.18,264.06,264.18,700
01/02/2024 14:24:00,264.2458,264.255,264.1,264.18,1700
01/02/2024 14:25:00,264.18,264.2,263.9501,263.9501,5200
01/02/2024 14:26:00,263.9501,264.07,263.95,264.02,1700
01/02/2024 14:27:00,264.02,264.0449,263.96,264.015,1600
01/02/2024 14:28:00,264.015,264.505,264.015,264.395,3400
01/02/2024 14:29:00,264.395,264.3956,264.275,264.3956,1600
01/02/2024 14:30:00,264.3956,264.3956,264.31,264.33,3200
01/02/2024 14:31:00,264.33,264.595,264.33,264.43,6200
01/02/2024 14:32:00,264.43,264.43,263.965,264.06,3900
01/02/2024 14:33:00,264.06,264.19,264.06,264.0963,1200
01/02/2024 14:34:00,264.0963,264.0963,263.775,263.78,2900
01/02/2024 14:35:00,263.78,263.78,263.45,263.58,4400
01/02/2024 14:36:00,263.58,263.84,263.525,263.73,2200
01/02/2024 14:37:00,263.73,263.8357,263.73,263.75,900
01/02/2024 14:38:00,263.75,263.79,263.61,263.61,2300
01/02/2024 14:39:00,263.61,263.9281,263.61,263.9281,2300
01/02/2024 14:40:00,263.9281,264.05,263.82,264.03,2800
01/02/2024 14:41:00,264.03,264.23,264.03,264.23,2100
01/02/2024 14:42:00,264.23,264.3347,264.23,264.3347,800
01/02/2024 14:43:00,264.3347,264.375,264.23,264.375,900
01/02/2024 14:44:00,264.375,264.49,264.34,264.34,1000
01/02/2024 14:45:00,264.34,264.35,264.29,264.35,1400
01/02/2024 14:46:00,264.35,264.565,264.35,264.45,2900
01/02/2024 14:47:00,264.485,264.67,264.485,264.6657,1300
01/02/2024 14:48:00,264.685,264.86,264.685,264.8,2600
01/02/2024 14:49:00,264.8,264.81,264.8,264.81,1400
01/02/2024 14:50:00,264.81,264.81,264.68,264.74,2600
01/02/2024 14:51:00,264.74,264.74,264.68,264.68,900
01/02/2024 14:52:00,264.68,264.79,264.66,264.735,3800
01/02/2024 14:53:00,264.735,264.735,264.325,264.325,4900
01/02/2024 14:54:00,264.325,264.52,264.325,264.52,2300
01/02/2024 14:55:00,264.52,264.52,264.32,264.34,3300
01/02/2024 14:56:00,264.34,264.41,264.34,264.41,1400
01/02/2024 14:57:00,264.41,264.45,264.13,264.13,3300
01/02/2024 14:58:00,264.13,264.47,264.13,264.47,2300
01/02/2024 14:59:00,264.47,264.6864,264.47,264.6864,1300
01/02/2024 15:00:00,264.6864,264.6864,264.54,264.54,1100
01/02/2024 15:01:00,264.54,264.54,264.5,264.5,400
01/02/2024 15:02:00,264.5,264.64,264.46,264.64,3400
01/02/2024 15:03:00,264.64,264.64,264.53,264.595,1800
01/02/2024 15:04:00,264.595,264.78,264.565,264.78,2600
01/02/2024 15:05:00,264.78,264.87,264.78,264.87,1600
01/02/2024 15:06:00,264.86,265.09,264.86,265.09,10800
01/02/2024 15:07:00,265.09,265.18,265.08,265.18,1600
01/02/2024 15:08:00,265.18,265.22,265,265.03,2900
01/02/2024 15:09:00,265.03,265.04,264.89,264.98,4200
01/02/2024 15:10:00,264.98,264.98,264.585,264.585,3700
01/02/2024 15:11:00,264.585,264.67,264.485,264.67,3500
01/02/2024 15:12:00,264.67,264.69,264.36,264.36,6000
01/02/2024 15:13:00,264.36,264.47,264.165,264.47,3800
01/02/2024 15:14:00,264.47,264.74,264.47,264.74,1200
01/02/2024 15:15:00,264.675,264.68,264.675,264.68,500
01/02/2024 15:16:00,264.68,264.745,264.67,264.67,2100
01/02/2024 15:17:00,264.67,264.81,264.63,264.74,3200
01/02/2024 15:18:00,264.74,264.765,264.74,264.765,700
01/02/2024 15:19:00,264.765,264.9,264.765,264.9,3500
01/02/2024 15:20:00,264.9,265,264.86,264.86,4700
01/02/2024 15:21:00,264.86,264.99,264.8,264.9,3400
01/02/2024 15:22:00,264.9,264.905,264.73,264.73,5800
01/02/2024 15:23:00,264.73,264.8,264.605,264.745,2800
01/02/2024 15:24:00,264.745,264.8164,264.745,264.8164,900
01/02/2024 15:25:00,264.8164,264.8164,264.64,264.66,3200
01/02/2024 15:26:00,264.66,264.85,264.66,264.84,2900
01/02/2024 15:27:00,264.8799,264.8799,264.8,264.81,2800
01/02/2024 15:28:00,264.81,264.81,264.73,264.77,2800
01/02/2024 15:29:00,264.77,264.84,264.77,264.835,2200
01/02/2024 15:30:00,264.835,264.91,264.835,264.9,2500
01/02/2024 15:31:00,264.9,264.97,264.67,264.69,7100
01/02/2024 15:32:00,264.69,264.85,264.565,264.85,3800
01/02/2024 15:33:00,264.85,264.85,264.7701,264.7701,3600
01/02/2024 15:34:00,264.77,264.77,264.563,264.62,4000
01/02/2024 15:35:00,264.62,264.78,264.62,264.78,2800
01/02/2024 15:36:00,264.78,264.89,264.78,264.89,4100
01/02/2024 15:37:00,264.89,264.9125,264.8501,264.86,6900
01/02/2024 15:38:00,264.86,264.88,264.705,264.875,7100
01/02/2024 15:39:00,264.875,265.01,264.875,264.88,9200
01/02/2024 15:40:00,264.88,265.02,264.88,264.985,6200
01/02/2024 15:41:00,264.985,265.02,264.705,264.71,13700
01/02/2024 15:42:00,264.71,264.75,264.195,264.2,9300
01/02/2024 15:43:00,264.2,264.26,263.955,263.955,11100
01/02/2024 15:44:00,263.955,264.08,263.9,263.9,8200
01/02/2024 15:45:00,263.9,263.98,263.53,263.88,11400
01/02/2024 15:46:00,263.88,263.88,263.5,263.68,17400
01/02/2024 15:47:00,263.68,263.993,263.64,263.87,5700
01/02/2024 15:48:00,263.935,263.935,263.35,263.38,11500
01/02/2024 15:49:00,263.38,263.38,262.695,262.815,11400
01/02/2024 15:50:00,262.815,262.98,262.64,262.7,16400
01/02/2024 15:51:00,262.7,262.88,262.38,262.4,20700
01/02/2024 15:52:00,262.4,262.4,261.995,262.02,15000
01/02/2024 15:53:00,262.02,262.3,261.85,261.975,20400
01/02/2024 15:54:00,261.975,262.25,261.88,262.245,20000
01/02/2024 15:55:00,262.245,262.505,262.181,262.255,13900
01/02/2024 15:56:00,262.255,262.655,262.19,262.52,17300
01/02/2024 15:57:00,262.52,262.5729,262.18,262.28,23600
01/02/2024 15:58:00,262.28,262.28,261.76,262.1,39100
01/02/2024 15:59:00,262.1,262.47,262.035,262.46,27700
01/02/2024 16:00:00,262.46,263.29,262.46,263.01,44200
02/02/2024 09:31:00,261.75,262.385,261.25,261.65,19600
02/02/2024 09:32:00,261.65,262.255,260.8,260.8,6200
02/02/2024 09:33:00,260.91,260.91,259.6854,260,5000
02/02/2024 09:34:00,260,260.815,260,260.815,4500
02/02/2024 09:35:00,260.815,260.815,260.206,260.649,2100
02/02/2024 09:36:00,260.649,260.82,260.27,260.81,3600
02/02/2024 09:37:00,260.51,260.86,260.08,260.41,8500
02/02/2024 09:38:00,260.41,260.41,259.96,260.205,4100
02/02/2024 09:39:00,260.205,260.45,259.82,259.94,4800
02/02/2024 09:40:00,259.94,260.409,259.79,260.315,3700
02/02/2024 09:41:00,260.315,260.555,259.94,260.3508,5500
02/02/2024 09:42:00,260.3508,260.3508,259.59,260.3,4500
02/02/2024 09:43:00,260.3,260.75,260.3,260.75,2300
02/02/2024 09:44:00,260.75,261.09,260.55,261.09,2300
02/02/2024 09:45:00,261.09,261.48,260.7,261.48,4200
02/02/2024 09:46:00,261.48,261.88,261.24,261.24,5500
02/02/2024 09:47:00,261.24,261.24,260.73,261.055,1700
02/02/2024 09:48:00,261.055,261.055,260.5,260.5,3000
02/02/2024 09:49:00,260.68,260.68,260.44,260.44,900
02/02/2024 09:50:00,260.44,260.615,260.41,260.615,1100
02/02/2024 09:51:00,260.615,260.615,259.92,260.015,5200
02/02/2024 09:52:00,260.015,260.39,260.015,260.39,3400
02/02/2024 09:53:00,260.39,260.9,260.39,260.86,4600
02/02/2024 09:54:00,260.885,261.22,260.885,260.935,3500
02/02/2024 09:55:00,260.935,261.465,260.935,261.465,2700
02/02/2024 09:56:00,261.49,261.765,261.355,261.73,3700
02/02/2024 09:57:00,261.73,261.744,261.44,261.614,2100
02/02/2024 09:58:00,261.614,261.78,261.22,261.23,7800
02/02/2024 09:59:00,261.23,261.26,261.193,261.26,1000
02/02/2024 10:00:00,261.26,261.48,261.05,261.47,3200
02/02/2024 10:01:00,261.47,261.57,261.32,261.46,3000
02/02/2024 10:02:00,261.46,261.7,261.46,261.63,3700
02/02/2024 10:03:00,261.63,262,261,262,14600
02/02/2024 10:04:00,262,262.12,261.885,261.945,2000
02/02/2024 10:05:00,261.95,262.37,261.95,262.12,3100
02/02/2024 10:06:00,262.3469,262.3469,261.61,261.69,3100
02/02/2024 10:07:00,261.69,261.8135,261.1425,261.1425,1700
02/02/2024 10:08:00,261.1425,261.1425,260.68,260.68,1800
02/02/2024 10:09:00,260.68,260.915,260.68,260.865,1400
02/02/2024 10:10:00,261.056,261.056,260.7375,260.85,2100
02/02/2024 10:11:00,260.83,261.11,260.83,260.865,3100
02/02/2024 10:12:00,260.865,261.07,260.865,261.07,1300
02/02/2024 10:13:00,261.07,261.075,260.59,260.59,2800
02/02/2024 10:14:00,260.59,260.59,260.1526,260.33,1900
02/02/2024 10:15:00,260.33,260.33,260.18,260.305,600
02/02/2024 10:16:00,260.305,260.49,260.08,260.415,2700
02/02/2024 10:17:00,260.415,260.415,259.99,260.4,8000
02/02/2024 10:18:00,260.4,260.4,260.1,260.1,5100
02/02/2024 10:19:00,260.1,260.32,260.1,260.32,600
02/02/2024 10:20:00,260.32,260.38,260.2,260.3,1800
02/02/2024 10:21:00,260.3,260.3,259.6,259.6,5800
02/02/2024 10:22:00,259.6,260.2,259.6,260.18,6100
02/02/2024 10:23:00,260.175,260.18,260.175,260.18,400
02/02/2024 10:24:00,260.18,260.43,260.15,260.4035,4300
02/02/2024 10:25:00,260.4035,260.59,260.4035,260.59,1200
02/02/2024 10:26:00,260.59,261.0299,260.59,260.7948,2600
02/02/2024 10:27:00,260.7948,260.7948,260.4,260.4,3600
02/02/2024 10:28:00,260.4,260.72,260.4,260.72,2300
02/02/2024 10:29:00,260.72,260.72,260.27,260.51,1500
02/02/2024 10:30:00,260.51,260.51,260.19,260.22,1300
02/02/2024 10:31:00,260.22,260.32,259.93,260.26,3300
02/02/2024 10:32:00,260.26,260.325,260.2,260.205,1500
02/02/2024 10:33:00,260.205,260.205,259.74,259.88,2500
02/02/2024 10:34:00,259.88,259.88,259.7,259.7,1300
02/02/2024 10:35:00,259.7,260.04,259.67,259.93,2600
02/02/2024 10:36:00,259.93,260,259.84,259.84,1200
02/02/2024 10:37:00,259.84,259.84,259.76,259.825,900
02/02/2024 10:38:00,259.825,259.84,259.735,259.735,1000
02/02/2024 10:39:00,259.735,260.13,259.72,260.125,5600
02/02/2024 10:40:00,260.125,260.31,259.91,260.3,3900
02/02/2024 10:41:00,260.3,260.7101,260.3,260.695,3400
02/02/2024 10:42:00,260.725,260.74,260.715,260.74,1400
02/02/2024 10:43:00,260.74,261.26,260.74,261.26,1900
02/02/2024 10:44:00,261.25,261.28,261.25,261.28,500
02/02/2024 10:45:00,261.245,261.615,261.245,261.615,2200
02/02/2024 10:46:00,261.615,261.78,261.615,261.78,1400
02/02/2024 10:47:00,261.78,262.34,261.765,262.34,4000
02/02/2024 10:48:00,262.34,262.5,262.305,262.5,1600
02/02/2024 10:49:00,262.5,262.71,261.85,261.97,10500
02/02/2024 10:50:00,261.97,262.16,261.97,262.0137,1300
02/02/2024 10:51:00,262.0836,262.3309,262.055,262.325,2500
02/02/2024 10:52:00,262.325,262.64,262.325,262.45,1000
02/02/2024 10:53:00,262.45,262.85,262.425,262.85,3800
02/02/2024 10:54:00,262.85,262.85,262.1,262.15,7100
02/02/2024 10:55:00,261.958,262.5,261.958,262.5,2900
02/02/2024 10:56:00,262.5,262.54,262.12,262.33,3500
02/02/2024 10:57:00,262.33,262.655,262.33,262.34,5800
02/02/2024 10:58:00,262.34,262.73,262.15,262.66,2400
02/02/2024 10:59:00,262.66,262.99,262.66,262.79,1400
02/02/2024 11:00:00,262.785,263.25,262.785,263.05,3800
02/02/2024 11:01:00,263.05,263.22,262.9,263.075,4200
02/02/2024 11:02:00,263.075,263.2,262.75,262.98,8200
02/02/2024 11:03:00,262.98,262.98,262.39,262.51,3700
02/02/2024 11:04:00,262.555,262.85,262.555,262.78,2900
02/02/2024 11:05:00,262.78,262.87,262.78,262.87,1500
02/02/2024 11:06:00,262.945,263.1,262.8,263.05,6400
02/02/2024 11:07:00,263.05,263.34,263.05,263.165,3600
02/02/2024 11:08:00,263.165,263.165,262.9,263.095,4400
02/02/2024 11:09:00,263.095,263.36,263.095,263.32,2200
02/02/2024 11:10:00,263.32,263.32,263.115,263.16,4300
02/02/2024 11:11:00,263.16,263.165,262.965,263.055,3000
02/02/2024 11:12:00,263.05,263.05,262.73,262.73,1800
02/02/2024 11:13:00,262.73,263.08,262.73,263.08,1200
02/02/2024 11:14:00,263.08,263.12,262.9,262.96,2900
02/02/2024 11:15:00,262.96,262.96,262.72,262.765,1600
02/02/2024 11:16:00,262.765,262.945,262.765,262.92,1500
02/02/2024 11:17:00,262.92,263.1405,262.92,263.1405,1400
02/02/2024 11:18:00,263.14,263.14,262.92,263.08,2600
02/02/2024 11:19:00,263.08,263.53,262.93,263.422,4100
02/02/2024 11:20:00,263.395,263.7,263.395,263.6299,1500
02/02/2024 11:21:00,263.6299,263.65,263.38,263.4,2900
02/02/2024 11:22:00,263.4,263.48,263.3346,263.3346,300
02/02/2024 11:23:00,263.3346,263.54,263.3346,263.5,1400
02/02/2024 11:24:00,263.5,263.6372,263.33,263.455,2600
02/02/2024 11:25:00,263.455,263.8751,263.455,263.8751,6100
02/02/2024 11:26:00,263.8751,264.15,263.795,264.13,2900
02/02/2024 11:27:00,264.13,264.15,263.9,264.15,2500
02/02/2024 11:28:00,264.15,264.585,264.1258,264.585,4200
02/02/2024 11:29:00,264.585,264.925,264.56,264.925,2700
02/02/2024 11:30:00,264.925,265.52,264.735,265.52,2700
02/02/2024 11:31:00,265.52,265.82,265.52,265.67,6600
02/02/2024 11:32:00,265.561,265.82,265.561,265.815,5700
02/02/2024 11:33:00,265.71,265.73,265.56,265.68,5100
02/02/2024 11:34:00,265.68,266.12,265.68,265.89,2700
02/02/2024 11:35:00,265.89,266.11,265.6425,265.79,10700
02/02/2024 11:36:00,265.91,265.91,265.61,265.745,2700
02/02/2024 11:37:00,265.7,265.72,265.26,265.3257,5100
02/02/2024 11:38:00,265.3257,265.38,265.25,265.335,1500
02/02/2024 11:39:00,265.335,265.73,265.3,265.73,3100
02/02/2024 11:40:00,265.75,266.22,265.565,266.045,4600
02/02/2024 11:41:00,266.045,266.335,265.995,266.15,3600
02/02/2024 11:42:00,266.15,266.31,265.97,266.2,3100
02/02/2024 11:43:00,266.2,266.32,265.79,266.32,7200
02/02/2024 11:44:00,266.29,266.48,266.1747,266.375,3400
02/02/2024 11:45:00,266.375,266.69,266.28,266.55,6700
02/02/2024 11:46:00,266.55,266.67,266.32,266.465,7600
02/02/2024 11:47:00,266.465,266.515,266.055,266.055,4000
02/02/2024 11:48:00,266.055,266.055,265.98,266.05,1000
02/02/2024 11:49:00,266.05,266.84,266.05,266.82,5100
02/02/2024 11:50:00,266.82,267.095,266.575,267.095,6900
02/02/2024 11:51:00,267.095,267.095,266.8,266.91,10500
02/02/2024 11:52:00,266.91,267.02,266.91,267.01,2200
02/02/2024 11:53:00,266.92,266.986,266.73,266.73,4600
02/02/2024 11:54:00,266.73,266.73,266.33,266.4,4200
02/02/2024 11:55:00,266.4,266.4,266.39,266.4,800
02/02/2024 11:56:00,266.4,266.63,266.4,266.63,2400
02/02/2024 11:57:00,266.63,266.71,266.335,266.335,3100
02/02/2024 11:58:00,266.335,266.335,265.86,265.88,1400
02/02/2024 11:59:00,265.88,266.17,265.88,266.11,5600
02/02/2024 12:00:00,266.11,266.31,266.11,266.31,1300
02/02/2024 12:01:00,266.31,266.41,266.22,266.22,1700
02/02/2024 12:02:00,266.22,266.315,266.22,266.2668,1000
02/02/2024 12:03:00,266.2668,266.47,266.2562,266.46,2100
02/02/2024 12:04:00,266.46,266.46,266.245,266.245,2800
02/02/2024 12:05:00,266.245,266.266,266.135,266.145,1400
02/02/2024 12:06:00,266.145,266.595,266.145,266.581,3300
02/02/2024 12:07:00,266.581,266.67,266.46,266.61,2400
02/02/2024 12:08:00,266.61,266.61,266.45,266.45,2700
02/02/2024 12:09:00,266.45,266.45,266.14,266.205,1900
02/02/2024 12:10:00,266.205,266.205,266,266,1200
02/02/2024 12:11:00,266,266.025,266,266.02,600
02/02/2024 12:12:00,266.02,266.05,265.9,266.05,800
02/02/2024 12:13:00,266.05,266.2,266.05,266.05,1600
02/02/2024 12:14:00,266.05,266.05,265.9,266.035,1900
02/02/2024 12:15:00,266.035,266.27,265.855,266.17,2800
02/02/2024 12:16:00,266.17,266.4,266.05,266.255,2400
02/02/2024 12:17:00,266.255,266.32,266.255,266.275,1400
02/02/2024 12:18:00,266.275,266.28,266.13,266.28,900
02/02/2024 12:19:00,266.28,266.295,266.22,266.22,1400
02/02/2024 12:20:00,266.22,266.885,266.22,266.88,6200
02/02/2024 12:21:00,266.88,266.96,266.59,266.725,4300
02/02/2024 12:22:00,266.725,266.765,266.725,266.755,700
02/02/2024 12:23:00,266.755,266.755,266.57,266.6,2900
02/02/2024 12:24:00,266.6,266.8,266.56,266.56,1200
02/02/2024 12:25:00,266.65,266.66,266.44,266.52,2900
02/02/2024 12:26:00,266.52,266.6351,266.38,266.63,1800
02/02/2024 12:27:00,266.63,266.63,266.385,266.385,700
02/02/2024 12:28:00,266.4452,266.89,266.4452,266.765,3700
02/02/2024 12:29:00,266.765,267,266.765,267,1900
02/02/2024 12:30:00,266.905,267.41,266.905,267.4,3900
02/02/2024 12:31:00,267.4,267.475,267.23,267.47,1800
02/02/2024 12:32:00,267.47,267.5,267.36,267.39,1100
02/02/2024 12:33:00,267.39,267.555,267.37,267.555,3400
02/02/2024 12:34:00,267.555,267.74,267.48,267.74,1400
02/02/2024 12:35:00,267.74,267.74,267.32,267.475,6700
02/02/2024 12:36:00,267.42,267.645,267.42,267.645,1900
02/02/2024 12:37:00,267.645,267.76,267.64,267.755,4100
02/02/2024 12:38:00,267.755,267.9,267.755,267.78,7200
02/02/2024 12:39:00,267.78,267.84,267.59,267.59,4900
02/02/2024 12:40:00,267.59,267.73,267.59,267.73,400
02/02/2024 12:41:00,267.73,268.15,267.73,268.15,4900
02/02/2024 12:42:00,268.15,268.15,267.67,267.67,5300
02/02/2024 12:43:00,267.5794,267.83,267.5794,267.83,1300
02/02/2024 12:44:00,267.83,267.965,267.45,267.45,4400
02/02/2024 12:45:00,267.45,267.45,266.5875,266.5875,4500
02/02/2024 12:46:00,266.5875,266.7,266.53,266.6,2800
02/02/2024 12:47:00,266.6,266.6,266.395,266.545,1100
02/02/2024 12:48:00,266.675,267.275,266.54,267.23,4400
02/02/2024 12:49:00,267.23,267.73,267.18,267.54,7400
02/02/2024 12:50:00,267.53,267.57,267.36,267.49,2600
02/02/2024 12:51:00,267.49,267.495,267.02,267.02,4400
02/02/2024 12:52:00,267.02,267.05,267.005,267.005,500
02/02/2024 12:53:00,267.005,267.32,267.005,267.32,2000
02/02/2024 12:54:00,267.32,267.36,267.195,267.34,4100
02/02/2024 12:55:00,267.49,267.645,267.35,267.645,3000
02/02/2024 12:56:00,267.765,267.85,267.62,267.85,1300
02/02/2024 12:57:00,267.85,268.045,267.805,268.045,1400
02/02/2024 12:58:00,268.045,268.19,268,268.09,2400
02/02/2024 12:59:00,268.0692,268.11,268.0692,268.11,1200
02/02/2024 13:00:00,268.11,268.49,268.11,268.255,2100
02/02/2024 13:01:00,268.255,268.58,268.255,268.58,600
02/02/2024 13:02:00,268.58,268.82,268.38,268.64,3300
02/02/2024 13:03:00,268.64,268.65,268.635,268.65,1600
02/02/2024 13:04:00,268.65,268.855,268.65,268.715,1800
02/02/2024 13:05:00,268.715,268.87,268.585,268.66,4800
02/02/2024 13:06:00,268.65,269,268.5,268.86,2300
02/02/2024 13:07:00,268.86,269.23,268.81,268.955,6500
02/02/2024 13:08:00,268.955,268.955,268.79,268.89,1700
02/02/2024 13:09:00,268.89,268.89,268.4019,268.555,3000
02/02/2024 13:10:00,268.555,268.565,268.3101,268.52,1200
02/02/2024 13:11:00,268.52,268.72,268.52,268.72,1300
02/02/2024 13:12:00,268.75,268.99,268.73,268.92,3800
02/02/2024 13:13:00,268.87,268.87,268.67,268.735,3300
02/02/2024 13:14:00,268.735,268.75,268.57,268.75,5000
02/02/2024 13:15:00,268.85,268.85,268.72,268.725,900
02/02/2024 13:16:00,268.725,268.87,268.725,268.865,3700
02/02/2024 13:17:00,268.865,269.01,268.865,269.01,1500
02/02/2024 13:18:00,269.01,269.08,268.98,269.07,1100
02/02/2024 13:19:00,269.07,269.07,268.94,268.94,2500
02/02/2024 13:20:00,268.88,269,268.82,268.97,2400
02/02/2024 13:21:00,268.99,269.03,268.77,268.925,7300
02/02/2024 13:22:00,268.925,268.925,268.78,268.91,2000
02/02/2024 13:23:00,268.91,268.91,268.54,268.68,6700
02/02/2024 13:24:00,268.68,268.695,268.55,268.55,1900
02/02/2024 13:25:00,268.69,268.695,268.69,268.695,1300
02/02/2024 13:26:00,268.69,268.69,268.5,268.635,3700
02/02/2024 13:27:00,268.635,268.7062,268.37,268.52,4400
02/02/2024 13:28:00,268.52,268.525,268.33,268.33,1200
02/02/2024 13:29:00,268.33,268.49,268.33,268.49,2000
02/02/2024 13:30:00,268.49,268.64,268.32,268.64,9400
02/02/2024 13:31:00,268.64,269.16,268.64,268.97,7100
02/02/2024 13:32:00,268.97,269.015,268.97,269.015,400
02/02/2024 13:33:00,269.01,269.36,269.005,269.31,2600
02/02/2024 13:34:00,269.31,269.31,268.98,269.065,3600
02/02/2024 13:35:00,268.97,269.065,268.68,268.68,3100
02/02/2024 13:36:00,268.68,268.89,268.68,268.79,1700
02/02/2024 13:37:00,268.885,268.885,268.46,268.46,2300
02/02/2024 13:38:00,268.46,268.46,267.98,268.13,4000
02/02/2024 13:39:00,268.13,268.49,268.13,268.485,2600
02/02/2024 13:40:00,268.485,268.485,268.31,268.31,1300
02/02/2024 13:41:00,268.44,268.57,268.44,268.565,1200
02/02/2024 13:42:00,268.46,268.46,268.325,268.435,1200
02/02/2024 13:43:00,268.435,268.44,268.275,268.275,1500
02/02/2024 13:44:00,268.275,268.67,268.275,268.565,2300
02/02/2024 13:45:00,268.565,268.565,268.42,268.56,1200
02/02/2024 13:46:00,268.565,268.63,268.55,268.56,1800
02/02/2024 13:47:00,268.56,268.56,268.3642,268.37,2600
02/02/2024 13:48:00,268.37,268.375,268.365,268.375,900
02/02/2024 13:49:00,268.375,268.43,267.98,268.17,8200
02/02/2024 13:50:00,268.17,268.4,268.14,268.325,1400
02/02/2024 13:51:00,268.325,268.48,268.32,268.42,900
02/02/2024 13:52:00,268.55,268.55,268.36,268.39,900
02/02/2024 13:53:00,268.39,268.445,268.295,268.445,1200
02/02/2024 13:54:00,268.445,268.5,268.4,268.41,1000
02/02/2024 13:55:00,268.41,268.485,268.3748,268.485,2200
02/02/2024 13:56:00,268.485,268.6,268.48,268.595,2000
02/02/2024 13:57:00,268.595,268.71,268.5686,268.69,1700
02/02/2024 13:58:00,268.69,268.705,268.69,268.7,1500
02/02/2024 13:59:00,268.7,268.74,268.61,268.705,2400
02/02/2024 14:00:00,268.705,268.705,268.51,268.51,3600
02/02/2024 14:01:00,268.51,268.93,268.51,268.93,3000
02/02/2024 14:02:00,268.925,268.925,268.61,268.665,2700
02/02/2024 14:03:00,268.665,268.87,268.665,268.76,3100
02/02/2024 14:04:00,268.76,269.005,268.76,268.84,5000
02/02/2024 14:05:00,268.84,268.85,268.8132,268.82,600
02/02/2024 14:06:00,268.82,268.82,268.63,268.81,1900
02/02/2024 14:07:00,268.81,268.825,268.785,268.825,400
02/02/2024 14:08:00,268.825,268.96,268.7801,268.945,1000
02/02/2024 14:09:00,268.94,269.12,268.94,269.095,2800
02/02/2024 14:10:00,269.095,269.23,269.095,269.145,1800
02/02/2024 14:11:00,269.145,269.29,269.145,269.29,600
02/02/2024 14:12:00,269.29,269.325,269.11,269.325,3600
02/02/2024 14:13:00,269.325,269.725,269.29,269.725,3000
02/02/2024 14:14:00,269.725,269.725,269.575,269.625,1600
02/02/2024 14:15:00,269.615,269.925,269.615,269.73,2200
02/02/2024 14:16:00,269.73,269.88,269.72,269.88,1400
02/02/2024 14:17:00,269.88,269.995,269.78,269.865,4900
02/02/2024 14:18:00,269.865,269.98,269.79,269.81,1400
02/02/2024 14:19:00,269.81,270.075,269.81,269.98,4800
02/02/2024 14:20:00,270.105,270.105,269.59,269.73,5200
02/02/2024 14:21:00,269.73,269.82,269.59,269.815,1900
02/02/2024 14:22:00,269.815,269.87,269.61,269.745,3300
02/02/2024 14:23:00,269.745,269.745,269.51,269.585,3500
02/02/2024 14:24:00,269.585,269.75,269.585,269.74,1400
02/02/2024 14:25:00,269.74,269.925,269.74,269.85,6300
02/02/2024 14:26:00,269.85,269.85,269.375,269.375,3200
02/02/2024 14:27:00,269.375,269.395,269.35,269.395,1700
02/02/2024 14:28:00,269.395,269.49,269.22,269.345,2100
02/02/2024 14:29:00,269.345,269.345,269.345,269.345,300
02/02/2024 14:30:00,269.26,269.39,269.05,269.36,10800
02/02/2024 14:31:00,269.36,269.52,269.24,269.41,1700
02/02/2024 14:32:00,269.515,269.515,269.26,269.4657,1600
02/02/2024 14:33:00,269.4657,269.4657,269.22,269.435,1500
02/02/2024 14:34:00,269.435,269.435,269.29,269.29,300
02/02/2024 14:35:00,269.29,269.7,269.29,269.61,2700
02/02/2024 14:36:00,269.61,270,269.61,269.88,2300
02/02/2024 14:37:00,269.88,270.105,269.88,270.095,3000
02/02/2024 14:38:00,270.095,270.095,269.995,269.995,2000
02/02/2024 14:39:00,269.995,270.235,269.9718,270.05,2100
02/02/2024 14:40:00,270.05,270.31,270,270.105,3500
02/02/2024 14:41:00,270.105,270.545,270.105,270.545,1800
02/02/2024 14:42:00,270.545,270.545,270.44,270.445,800
02/02/2024 14:43:00,270.445,270.5702,270.31,270.425,3800
02/02/2024 14:44:00,270.425,270.43,270.1,270.15,2600
02/02/2024 14:45:00,270.15,270.25,270.125,270.25,1400
02/02/2024 14:46:00,270.25,270.38,270.01,270.38,9400
02/02/2024 14:47:00,270.38,270.505,270.33,270.33,2600
02/02/2024 14:48:00,270.33,270.5,270.33,270.345,1000
02/02/2024 14:49:00,270.345,270.47,270.335,270.34,1900
02/02/2024 14:50:00,270.34,270.6,270.34,270.6,4000
02/02/2024 14:51:00,270.6,270.66,270.52,270.655,4800
02/02/2024 14:52:00,270.655,270.77,270.5,270.63,8200
02/02/2024 14:53:00,270.54,270.72,270.54,270.715,4900
02/02/2024 14:54:00,270.63,270.675,270.48,270.58,14900
02/02/2024 14:55:00,270.58,270.66,270.505,270.615,3300
02/02/2024 14:56:00,270.675,270.75,270.615,270.74,2500
02/02/2024 14:57:00,270.68,270.69,270.41,270.565,8200
02/02/2024 14:58:00,270.565,270.645,270.565,270.565,1200
02/02/2024 14:59:00,270.565,270.69,270.5327,270.69,2000
02/02/2024 15:00:00,270.69,270.8799,270.67,270.8799,3000
02/02/2024 15:01:00,270.8799,270.8799,270.56,270.56,8600
02/02/2024 15:02:00,270.59,270.59,270.09,270.1,8700
02/02/2024 15:03:00,270.1,270.32,270.04,270.165,20600
02/02/2024 15:04:00,270.165,270.48,270.165,270.48,4700
02/02/2024 15:05:00,270.39,270.54,270.39,270.54,2000
02/02/2024 15:06:00,270.54,270.775,270.54,270.63,3100
02/02/2024 15:07:00,270.63,270.935,270.63,270.805,1800
02/02/2024 15:08:00,270.805,270.81,270.43,270.595,7400
02/02/2024 15:09:00,270.595,270.77,270.585,270.77,800
02/02/2024 15:10:00,270.77,270.77,270.5124,270.6,1900
02/02/2024 15:11:00,270.6,270.6,270.08,270.105,3200
02/02/2024 15:12:00,270.105,270.11,270.05,270.085,1600
02/02/2024 15:13:00,270.085,270.11,270.085,270.105,1400
02/02/2024 15:14:00,270.105,270.115,269.93,270.015,3800
02/02/2024 15:15:00,270.015,270.1749,269.845,269.87,4700
02/02/2024 15:16:00,269.87,269.87,269.79,269.86,1100
02/02/2024 15:17:00,269.86,269.885,269.71,269.75,1800
02/02/2024 15:18:00,269.75,269.85,269.75,269.83,1300
02/02/2024 15:19:00,269.82,269.82,269.67,269.806,3900
02/02/2024 15:20:00,269.806,269.806,269.5367,269.64,1200
02/02/2024 15:21:00,269.64,269.83,269.47,269.624,5000
02/02/2024 15:22:00,269.624,269.76,269.624,269.6421,1800
02/02/2024 15:23:00,269.6421,269.6421,269.355,269.355,2400
02/02/2024 15:24:00,269.355,269.355,268.75,268.79,3300
02/02/2024 15:25:00,268.79,268.97,268.79,268.79,1200
02/02/2024 15:26:00,268.79,269.38,268.79,269.38,6900
02/02/2024 15:27:00,269.46,269.74,269.4563,269.74,1500
02/02/2024 15:28:00,269.74,269.74,269.5001,269.735,800
02/02/2024 15:29:00,269.735,269.95,269.7101,269.825,2400
02/02/2024 15:30:00,269.735,269.9,269.71,269.9,3000
02/02/2024 15:31:00,269.9,269.9,269.65,269.79,3300
02/02/2024 15:32:00,269.79,269.814,269.7,269.7,2900
02/02/2024 15:33:00,269.83,269.95,269.74,269.775,4800
02/02/2024 15:34:00,269.775,269.775,269.66,269.74,1400
02/02/2024 15:35:00,269.74,269.84,269.55,269.55,4500
02/02/2024 15:36:00,269.55,269.55,269.23,269.23,3200
02/02/2024 15:37:00,269.23,269.45,269.21,269.45,5000
02/02/2024 15:38:00,269.45,269.505,269.25,269.25,3400
02/02/2024 15:39:00,269.25,269.45,269.25,269.4,4800
02/02/2024 15:40:00,269.4,269.425,269.39,269.415,2100
02/02/2024 15:41:00,269.415,269.43,269.22,269.31,4600
02/02/2024 15:42:00,269.31,269.35,269.27,269.3,4800
02/02/2024 15:43:00,269.3,269.3,269.055,269.055,4600
02/02/2024 15:44:00,269.055,269.1599,268.91,268.91,4500
02/02/2024 15:45:00,268.91,269.04,268.895,268.99,6800
02/02/2024 15:46:00,268.99,269.23,268.89,269.0677,13100
02/02/2024 15:47:00,268.98,269.04,268.755,268.985,8100
02/02/2024 15:48:00,268.985,269.08,268.975,269.08,4200
02/02/2024 15:49:00,269,269.15,269,269.055,5000
02/02/2024 15:50:00,269.055,269.32,268.875,269.18,13800
02/02/2024 15:51:00,269.18,269.405,269.08,269.255,11300
02/02/2024 15:52:00,269.255,269.39,269.19,269.35,8800
02/02/2024 15:53:00,269.295,269.305,269.11,269.13,9400
02/02/2024 15:54:00,269.13,269.245,268.91,269.15,16500
02/02/2024 15:55:00,269.15,269.38,269.09,269.38,14000
02/02/2024 15:56:00,269.38,269.445,268.84,268.9,20800
02/02/2024 15:57:00,268.9,268.945,268.71,268.785,12000
02/02/2024 15:58:00,268.785,268.84,268.53,268.605,27800
02/02/2024 15:59:00,268.605,268.795,268.51,268.51,26800
02/02/2024 16:00:00,268.51,268.54,268,268.01,70200